0.277500 10.850388 5256.900000 3235.934865 1219.000000 225.827213 199.468595 9.995196 
0.350000 38.693416 5152.300000 3211.657687 1219.500000 207.473452 199.605451 10.002339 
0.607500 9.820528 5333.600000 3309.401920 1220.250000 223.516816 199.587466 10.001173 
0.525000 18.457947 5138.900000 3071.459139 1211.500000 209.807779 199.448871 9.999880 
0.607500 40.673897 5167.100000 3186.225573 1201.000000 219.101013 199.433094 10.116010 
0.540000 19.286290 5224.500000 3151.981062 1214.000000 244.071189 198.079477 10.204324 
0.590000 18.369403 5189.800000 3144.470124 1214.000000 234.237436 199.492348 10.196201 
0.642500 17.055511 5104.600000 3117.050810 1221.750000 263.450198 199.539078 10.197345 
0.665000 40.464221 5182.700000 3199.386950 1214.000000 212.526873 199.554672 10.199578 
0.500000 9.334110 5283.500000 3214.935153 1228.250000 261.028203 199.629821 10.200935 
0.425000 39.846297 5218.000000 3208.244774 1215.000000 246.853545 199.583633 10.475526 
0.600000 19.375811 5108.100000 3141.003179 1198.750000 231.337505 199.579541 10.265205 
0.665000 37.765439 5004.700000 3230.606069 1180.000000 207.222464 198.669765 10.591237 
0.770000 37.214622 5243.100000 3358.510913 1191.000000 226.711017 194.647035 12.023205 
0.620000 35.528798 5348.600000 3325.323124 1180.500000 260.585113 199.131602 11.942620 
0.565000 39.217119 5202.000000 3161.659821 1198.250000 225.228852 199.610940 12.088391 
0.640000 34.806409 5265.200000 3281.673403 1202.750000 234.754068 199.632095 12.042133 
0.590000 34.750713 5364.700000 3380.940335 1204.750000 246.331732 199.610752 12.073594 
0.390000 33.230811 5244.100000 3302.529696 1204.500000 240.215171 199.577084 12.206135 
0.400000 40.680949 5228.400000 3220.901939 1210.500000 242.548841 199.570397 12.384544 
0.475000 32.173674 5291.800000 3176.070923 1209.000000 229.829554 199.602939 12.259728 
0.507500 9.058604 5284.600000 3309.287297 1220.250000 241.822933 199.664786 11.789194 
0.502500 34.439499 5518.800000 3440.892456 1218.250000 294.445096 199.612735 12.245039 
0.395000 32.029584 5460.200000 3258.784012 1214.750000 241.822961 199.565870 12.214301 
0.377500 32.416673 5450.500000 3350.147476 1205.750000 253.587985 199.545664 12.291335 
0.412500 8.608296 5524.700000 3414.722212 1219.500000 248.294923 199.599407 12.273720 
0.425000 32.596165 5455.400000 3382.581070 1210.500000 259.615333 199.597852 12.117252 
0.465000 33.811377 5490.400000 3489.548863 1215.500000 256.045863 199.360351 12.052060 
0.392500 32.816564 5546.100000 3442.470836 1212.250000 254.678735 199.586277 12.197087 
0.485000 8.596443 5473.600000 3404.596300 1223.000000 256.660166 199.587759 12.579765 
0.405000 32.045822 5576.600000 3523.449097 1211.500000 262.562840 199.582681 12.169865 
0.375000 10.240357 5576.100000 3470.582559 1228.750000 258.429707 199.451874 11.991217 
0.427500 33.335289 5488.800000 3377.226147 1215.750000 239.360275 199.394447 11.996005 
0.437500 37.795444 5229.300000 3230.770808 1227.250000 211.415910 199.577519 12.359852 
0.635000 33.397983 5331.000000 3356.938993 1204.750000 237.292614 199.594980 12.447179 
0.682500 33.255948 5389.300000 3312.421735 1206.500000 224.657557 199.568427 12.265805 
0.742500 34.538664 5412.500000 3363.391545 1208.500000 241.120059 199.627303 12.335872 
0.775000 33.575457 5355.900000 3345.029322 1218.250000 225.412868 199.654240 12.015334 
0.815000 35.607942 5179.000000 3170.599242 1216.000000 228.660475 199.528290 11.949271 
0.737500 16.016412 5059.500000 3135.970227 1212.750000 206.848590 199.473546 12.362521 
0.760000 40.514355 5206.700000 3194.250549 1197.750000 223.045975 199.527047 12.140289 
0.802500 8.058919 5341.000000 3367.729507 1222.250000 258.110915 199.489060 11.629691 
0.577500 34.043831 5296.700000 3156.163542 1205.500000 228.641811 199.510562 11.191714 
0.652500 30.138443 5090.000000 3294.876417 1201.750000 245.030894 199.525094 11.333693 
0.565000 34.495388 5439.700000 3408.633590 1209.250000 261.388971 199.473942 11.417446 
0.455000 9.508439 5374.100000 3261.487167 1226.500000 259.596611 199.237819 11.567051 
0.350000 34.128414 5368.100000 3320.945819 1202.250000 259.626092 199.386045 12.220124 
0.395000 33.286677 5350.100000 3283.146646 1217.000000 266.259127 199.216335 11.996004 
0.265000 8.913852 5367.500000 3378.749647 1227.500000 247.000299 199.617650 10.379445 
0.245000 32.568961 5496.400000 3558.217838 1225.250000 261.294531 196.925937 9.893589 
0.250000 32.580293 5413.500000 3580.209032 1216.500000 261.287092 199.426675 12.136121 
0.157500 34.046670 5479.200000 3538.321053 1223.750000 257.225761 199.408088 12.149736 
0.402500 8.908293 5547.900000 3461.267626 1219.250000 257.209226 199.486100 11.976096 
0.170000 9.625022 5391.900000 3208.947950 1228.000000 241.472550 199.406958 12.081188 
0.410000 32.452619 5456.200000 3455.052990 1215.750000 231.741779 199.401876 12.360307 
0.270000 10.093695 5473.000000 3285.225822 1221.750000 260.869280 199.456453 11.798803 
0.307500 9.135119 5291.800000 3245.670547 1219.750000 248.085638 199.499441 11.900914 
0.275000 10.580035 5273.100000 3182.703573 1220.500000 240.471746 199.509545 11.556824 
0.290000 16.560965 5082.400000 3099.248159 1218.250000 210.434410 199.506450 12.591718 
0.260000 39.780689 5040.100000 3103.640605 1229.500000 214.909291 199.439082 12.256491 
0.322500 36.489657 5093.400000 3196.970186 1220.000000 220.924312 199.532851 12.209160 
0.405000 40.699308 5137.000000 3190.772683 1227.500000 234.623952 199.479764 12.207145 
0.475000 16.464887 5075.800000 3147.217370 1224.750000 217.404323 199.511475 12.117187 
0.552500 15.934731 4940.000000 3051.168411 1226.000000 200.753016 199.536501 12.105234 
0.685000 16.453923 4970.900000 3020.784365 1213.250000 218.754594 199.521121 12.213395 
0.730000 12.980683 4853.400000 2948.856174 1184.250000 210.988730 193.640874 9.681401 
0.767500 15.025912 4964.200000 2997.829188 1200.250000 210.927883 199.275869 11.683991 
0.875000 14.869178 4947.300000 3015.045318 1199.250000 210.514328 199.354504 10.062455 
0.875000 12.023581 5066.600000 3148.304127 1209.750000 226.548720 199.463590 11.813042 
0.720000 33.602237 4595.500000 3369.808496 1202.500000 177.218102 126.354007 8.069252 
0.602500 10.181340 4551.400000 3191.564980 1204.500000 196.510877 154.853584 5.976941 
0.585000 1.983750 5236.600000 3158.043857 1218.500000 233.491816 199.512532 11.445838 
0.560000 16.732700 5122.100000 3213.879939 1223.250000 229.884442 199.570043 12.279183 
0.582500 5.592000 5189.400000 3145.192251 1213.000000 262.643990 199.442675 12.424488 
0.500000 6.395100 5109.900000 3054.596272 1214.000000 232.995698 199.517327 12.134923 
0.570000 7.198200 4931.800000 2998.518584 1214.250000 212.733501 199.463692 11.899034 
0.760000 8.001300 4602.400000 2927.709951 1199.000000 193.059231 184.699968 8.337597 
0.870000 8.804400 4896.200000 3105.019642 1219.750000 226.765787 199.603721 12.479038 
0.590000 9.607600 5269.700000 3345.660045 1221.750000 249.823858 199.583794 13.890286 
0.460000 10.410700 5334.400000 3267.863337 1218.500000 250.190380 199.591116 13.638501 
0.392500 11.213800 5365.700000 3340.467177 1226.750000 277.043285 199.616392 13.476858 
0.550000 12.016900 5349.400000 3278.329343 1231.000000 249.090259 199.502814 13.151807 
0.535000 12.820000 5267.800000 3175.857031 1236.500000 262.970389 199.425127 13.411327 
0.425000 13.623100 5341.300000 3317.930928 1222.000000 244.704003 199.398367 14.141163 
0.500000 14.426200 5442.100000 3329.273794 1218.500000 242.266221 199.415527 14.079490 
0.500000 15.229300 5374.700000 3261.545219 1219.000000 231.272831 199.461151 14.198054 
0.492500 16.032450 5124.100000 3007.499329 1220.000000 229.071745 199.517706 14.086687 
0.617500 17.623750 5016.500000 3213.947355 1215.000000 214.011577 199.447122 13.149999 
0.820000 17.651750 5172.200000 3103.751906 1214.250000 262.393862 199.521265 13.393961 
0.710000 14.701050 4935.100000 2996.048604 1200.250000 196.611831 199.182467 11.546883 
0.750000 13.351900 4880.200000 3081.300384 1179.000000 212.394143 198.777433 9.718568 
0.780000 18.849700 4951.800000 3337.525899 1203.500000 223.176500 158.882437 10.588819 
0.570000 18.069250 5121.100000 3205.671712 1213.500000 242.262924 159.302886 10.191974 
0.480000 18.270950 5190.300000 3199.923603 1221.500000 241.641687 192.030269 11.293096 
0.510000 18.183900 5036.300000 3096.460776 1208.250000 208.277218 199.537669 12.290527 
0.615000 17.677800 5044.700000 3246.104197 1205.750000 209.239745 199.546555 13.603851 
0.515000 18.752450 5230.800000 3230.804849 1208.000000 246.291816 199.499535 14.061863 
0.445000 18.782950 5158.400000 3174.566401 1211.750000 247.757446 199.656317 14.202500 
0.390000 18.824500 5080.800000 3157.316614 1210.000000 212.001584 199.568338 13.767464 
0.445000 16.069200 5167.900000 3154.849368 1204.750000 232.388529 199.584109 10.401337 
0.532500 17.830550 5243.000000 3187.591137 1198.500000 189.291315 199.551221 9.592457 
0.500000 16.987100 5175.500000 3035.236723 1193.000000 239.041097 199.543942 9.433127 
0.565000 16.974450 5039.600000 3091.746607 1196.250000 230.654194 197.056004 9.844430 
0.460000 17.051500 4991.200000 3062.968897 1207.750000 217.708791 189.939276 11.398704 
0.485000 17.321550 5092.600000 3214.603748 1208.500000 231.353671 198.508376 12.349922 
0.402500 18.203150 5076.800000 3148.159844 1207.750000 261.016263 197.452707 13.399429 
0.500000 6.159000 4938.900000 3063.373468 1216.500000 209.896127 196.996977 13.699491 
0.470000 18.276500 5055.500000 3238.288365 1213.250000 214.350336 194.265144 14.432632 
0.470000 18.243000 5138.000000 3313.191677 1216.500000 249.708735 168.101903 14.383576 
0.470000 19.225650 5152.300000 3197.501498 1213.750000 268.185449 174.148914 14.647231 
0.440000 19.178950 5196.500000 3274.288763 1214.500000 231.386120 192.041104 14.653742 
0.425000 19.317000 5209.800000 3390.812469 1212.500000 230.734189 188.608178 13.916128 
0.500000 19.054250 5298.500000 3280.523893 1197.750000 247.164933 192.784672 14.304623 
0.462500 18.795200 5221.300000 3181.925471 1210.500000 249.191851 189.263437 13.608512 
0.475000 18.730400 5036.000000 3184.619585 1200.750000 215.514605 177.443290 12.028615 
0.445000 18.536700 5127.300000 3264.472150 1207.750000 228.438635 171.023744 11.806571 
0.440000 18.433900 5019.900000 3190.233598 1204.000000 218.487016 167.558302 11.752963 
0.415000 19.699500 4922.600000 3343.532337 1212.250000 216.208905 156.832364 11.531423 
0.457500 19.428400 4877.700000 3358.139955 1207.000000 199.691997 149.596858 11.318487 
0.360000 20.406600 4937.400000 3456.476190 1212.750000 203.480282 149.590085 10.677153 
0.380000 20.526950 5021.600000 3438.248246 1221.000000 213.274501 149.689651 11.722029 
0.420000 1.949900 4918.200000 3327.746733 1231.000000 180.001082 149.621165 11.723394 
0.485000 12.260250 4777.900000 3163.082983 1224.500000 198.038688 149.722986 12.021320 
0.490000 19.904350 4735.600000 3075.921925 1231.250000 177.853474 154.578005 11.922305 
0.782500 14.904250 4758.000000 3063.552980 1221.000000 197.140106 157.909176 11.900321 
0.880000 15.839700 4662.600000 2939.239074 1219.250000 164.433321 161.993991 9.689597 
0.850000 17.524650 4717.800000 3048.875510 1206.500000 171.089487 164.567464 8.346343 
0.875000 16.891350 4653.200000 2896.530813 1209.000000 165.056154 164.679852 8.133596 
0.970000 13.341800 4645.800000 2852.759458 1180.000000 165.110743 159.864043 7.568953 
0.985000 12.958850 4679.300000 2907.030847 1191.250000 181.710441 160.198495 7.562013 
0.960000 12.393050 4752.600000 2997.797282 1179.000000 198.169363 164.065474 8.753659 
0.865000 11.016200 4734.800000 2928.982181 1178.750000 177.682804 168.876635 8.695907 
0.845000 11.969800 4915.500000 3157.266237 1180.250000 214.275400 167.086609 8.701942 
0.770000 14.136000 4980.100000 3052.828718 1196.250000 226.150241 176.852006 9.409251 
0.687500 14.879500 5020.100000 3135.948716 1195.000000 224.886256 185.605321 9.440027 
0.550000 15.342600 5115.700000 3229.109092 1201.250000 231.390431 185.226243 10.609556 
0.507500 14.032050 5161.500000 3143.633728 1203.000000 211.395106 198.258836 10.193454 
0.630000 13.767050 5008.600000 3076.671099 1202.250000 224.452242 199.459344 11.209119 
0.672500 11.082850 4590.000000 2760.220590 1196.000000 181.832764 188.519368 6.334252 
1.010000 13.342400 4631.000000 3090.283361 1175.750000 214.391152 158.231835 5.658158 
0.782500 13.099500 4908.300000 3030.124910 1195.500000 211.252986 177.326685 7.091560 
0.535000 13.970550 5129.400000 3181.783097 1197.500000 227.651233 194.691796 9.828087 
0.405000 14.843500 5176.000000 3314.325351 1206.250000 240.796601 197.558860 12.123624 
0.467500 15.716400 5168.800000 3242.925082 1199.500000 227.590526 198.355185 12.293859 
0.372500 16.589400 5135.500000 3228.430493 1205.250000 244.010985 199.528848 12.336639 
0.407500 22.717650 5173.600000 3219.474458 1203.250000 221.404602 199.440549 12.196554 
0.647500 4.810000 5193.500000 3225.808794 1212.000000 244.307209 199.577006 12.068747 
0.595000 7.035200 5187.600000 3112.949757 1211.000000 194.997930 199.512993 11.913477 
0.620000 9.260400 4927.400000 3106.705048 1195.250000 217.730556 199.491524 10.663401 
0.875000 11.485500 5063.900000 3128.811598 1204.750000 227.419308 199.453319 11.361798 
0.650000 13.710700 5028.000000 3062.624512 1210.000000 224.334828 199.589079 11.812177 
0.665000 15.935900 5016.200000 3134.152856 1200.750000 211.356765 199.479585 11.577701 
0.570000 15.143500 5099.500000 3094.896882 1204.750000 247.156323 199.477044 13.312057 
0.615000 15.418600 4921.300000 3066.530242 1196.750000 224.234003 199.546299 13.818439 
0.705000 15.506050 5058.100000 3145.446954 1199.250000 227.720665 199.491705 14.169267 
0.585000 16.848450 5182.800000 3214.539791 1199.500000 244.076569 199.556547 14.276703 
0.710000 17.818500 5170.100000 3102.375533 1202.500000 240.070805 199.618286 14.271650 
0.660000 16.525750 4952.400000 3105.287892 1186.750000 207.966749 199.515502 14.156541 
0.710000 17.028750 5085.100000 3157.667904 1187.750000 214.302114 199.429651 14.143793 
0.640000 17.041100 5007.000000 3142.439974 1196.250000 240.595379 199.486495 12.379931 
0.555000 16.102850 5043.200000 3103.510456 1197.750000 207.927809 199.471726 7.426080 
0.590000 15.542850 5023.700000 3088.112645 1195.000000 223.634927 199.580846 8.706673 
0.750000 17.827850 5102.900000 3212.001820 1191.750000 202.577191 199.614129 9.034611 
0.692500 15.901050 5131.100000 3132.892383 1200.250000 214.194368 199.594456 9.005155 
0.702500 15.177000 4921.900000 3028.145880 1203.750000 214.440999 193.943079 8.956350 
0.880000 16.795000 4361.400000 2924.324952 1150.250000 168.408021 154.098404 3.471627 
0.860000 14.723250 4510.400000 2816.409236 1156.250000 186.835581 162.131682 3.401848 
0.810000 12.163000 4413.800000 2770.278466 1169.500000 165.459051 157.005729 3.124599 
0.970000 10.097850 4303.900000 2786.092198 1175.500000 168.755782 148.623959 2.614614 
1.060000 7.923000 4069.700000 2783.101131 1169.750000 178.271570 142.191124 1.413273 
0.702500 9.899950 4618.000000 2875.477779 1166.750000 184.462109 159.707390 1.222690 
0.660000 13.218700 4861.900000 2974.463977 1173.750000 214.619242 175.218786 2.092551 
0.540000 13.308000 4869.400000 2987.873423 1191.250000 216.401393 191.364062 4.915750 
0.492500 13.562350 4939.800000 3067.289668 1197.500000 235.355570 195.079333 7.850743 
0.375000 14.670200 5027.000000 3024.479005 1195.750000 251.145409 199.418352 9.847577 
0.497500 14.764000 4798.200000 2972.821139 1194.250000 223.502140 199.474342 9.794195 
0.647500 14.386750 4721.900000 2897.775362 1191.750000 217.122769 198.558207 8.414518 
0.630000 12.988050 4719.100000 2971.131717 1183.500000 220.174233 196.433887 7.016436 
0.642500 13.446000 4807.400000 3009.132213 1184.250000 220.028800 196.085037 4.813614 
0.760000 13.860000 4873.400000 2903.006204 1184.500000 235.582636 198.112978 5.535246 
0.482500 13.786100 4565.100000 2930.473371 1185.000000 216.716376 192.354193 6.444995 
0.620000 9.290300 4021.700000 2710.307175 1179.500000 147.508090 84.014593 6.711607 
0.605000 9.507600 4682.000000 3059.715478 1181.250000 232.324497 131.725053 6.787680 
0.450000 13.935300 4958.800000 3013.595076 1184.750000 248.125701 182.982344 11.432448 
0.440000 16.365250 5027.300000 3224.177985 1207.250000 244.954389 191.925981 12.600423 
0.405000 18.499500 5248.900000 3274.293879 1214.250000 251.903435 199.550176 10.428812 
0.345000 18.556500 5218.200000 3286.579827 1216.000000 251.902940 199.666606 10.037916 
0.322500 18.818000 5184.000000 3151.944078 1212.500000 253.420929 199.509826 9.900632 
0.412500 18.655950 5100.900000 3095.464980 1208.500000 253.147693 199.546042 12.656077 
0.410000 18.510700 4970.000000 3117.863610 1213.500000 237.314072 199.490632 13.759072 
0.630000 18.997050 5056.700000 3175.383019 1203.000000 237.596893 199.592962 13.664189 
0.615000 18.248800 5110.300000 3138.031867 1215.500000 237.173230 199.497901 13.573526 
0.510000 18.736750 5125.800000 3141.402892 1209.750000 258.134255 199.538035 13.530035 
0.500000 18.935150 5120.200000 3098.850866 1212.750000 261.471721 199.669269 13.541225 
0.665000 20.494250 5082.600000 3123.260296 1213.250000 241.863934 199.617512 13.792206 
0.960000 19.317950 4861.100000 2747.238237 1202.750000 228.055903 199.681389 13.981559 
0.870000 17.307300 4662.900000 2734.876895 1203.250000 212.089320 196.561752 13.472507 
0.890000 16.331950 4581.200000 2894.627998 1212.750000 206.701915 190.138436 11.857649 
0.837500 16.516850 4882.500000 3003.247722 1209.250000 277.106743 198.180581 13.705405 
0.660000 17.156350 4809.300000 2871.890960 1222.000000 229.145908 198.606979 12.590233 
0.645000 17.212000 4783.200000 2920.089905 1217.500000 245.166294 198.623508 12.460921 
0.570000 17.075950 4872.700000 2944.738104 1220.750000 261.394521 199.639917 12.320184 
0.530000 17.789200 4741.100000 2834.414569 1220.000000 244.975025 199.628393 12.333784 
0.515000 16.512450 4696.700000 2891.068076 1214.500000 241.802043 199.628052 13.389370 
0.595000 16.283950 4683.000000 2791.606935 1221.750000 225.772186 199.607941 12.588304 
0.800000 15.352700 4600.700000 2795.847499 1223.750000 228.758174 199.586465 12.881466 
0.797500 13.789350 4599.800000 2764.266860 1227.000000 225.826013 199.587011 13.115279 
0.850000 15.227150 4513.800000 2837.996380 1220.750000 225.191884 199.781250 13.596878 
0.737500 14.115000 4644.400000 2913.155617 1224.750000 238.488875 199.593515 13.786866 
0.600000 14.244800 4858.700000 2932.538737 1220.500000 270.325036 199.658741 14.148466 
0.545000 14.085900 4537.700000 2757.401897 1227.500000 180.601621 199.539277 14.401290 
0.465000 13.815150 4853.100000 2949.134277 1231.250000 261.374321 198.653010 11.427675 
0.460000 13.993550 4806.000000 2942.586420 1226.000000 257.958701 199.773291 11.349936 
0.535000 14.156200 4825.200000 2963.437805 1233.500000 258.714932 199.764349 9.626377 
0.525000 15.501700 4846.900000 3047.233694 1220.000000 262.648753 199.792456 9.358193 
0.475000 15.822350 4869.000000 3058.001552 1221.500000 259.153710 199.766126 12.131171 
0.420000 14.862700 4770.500000 2894.800240 1218.500000 240.857865 198.670223 13.154674 
0.610000 15.478200 4913.400000 3058.215015 1224.500000 277.371370 199.737841 13.679928 
0.450000 17.858650 4860.300000 2950.150947 1223.500000 271.067281 199.726129 14.036893 
0.407500 18.225150 4731.100000 2962.071542 1227.500000 246.716829 199.747660 14.141581 
0.370000 18.369400 4992.400000 3051.096678 1224.250000 262.812241 199.640069 14.316686 
0.400000 19.242800 4966.300000 3014.281455 1229.250000 263.175248 199.698992 14.356160 
0.507500 20.704000 4850.100000 2938.393767 1221.750000 247.164194 199.661718 14.063129 
0.495000 20.630250 4730.700000 2902.552938 1229.750000 230.468732 199.422461 13.837833 
0.527500 15.338900 4643.000000 2887.071775 1222.250000 243.603828 199.371066 13.783761 
0.540000 18.930100 4837.400000 2947.632932 1222.000000 263.431610 199.587485 13.754663 
0.610000 18.926950 4787.800000 2935.288399 1221.500000 243.605294 199.655232 13.011877 
0.642500 18.898450 4862.500000 2920.184348 1220.500000 233.182490 199.521509 13.379259 
0.685000 18.886450 4689.900000 2816.122962 1202.250000 244.934374 199.539805 12.835940 
0.757500 16.539550 4714.700000 2905.122334 1213.000000 243.282682 199.629821 12.649008 
0.885000 15.606050 4684.100000 2810.602973 1216.250000 230.214451 199.618131 14.088223 
0.915000 14.574750 4648.800000 2773.263149 1221.750000 233.441698 198.577341 13.846605 
0.930000 13.088750 4565.000000 2874.928669 1216.500000 227.046840 192.053204 11.791751 
0.880000 15.583250 4729.100000 2948.799371 1213.000000 266.652461 198.056675 13.331856 
0.590000 15.329300 4792.800000 2886.448667 1217.750000 247.072840 199.156856 14.135999 
0.525000 17.141050 4780.000000 2997.656008 1215.250000 250.312490 199.676078 13.965493 
0.517500 16.480750 4971.400000 3035.103343 1220.500000 279.914642 199.702221 13.818370 
0.495000 17.086350 4820.600000 2910.684796 1214.750000 247.702596 199.718934 13.784371 
0.580000 18.019000 4660.900000 2948.887039 1217.500000 263.738805 199.606773 13.732762 
0.555000 18.402650 4847.100000 2971.959787 1225.500000 244.634781 199.567001 13.696937 
0.517500 18.247100 4664.300000 2896.410232 1221.250000 232.261932 199.593224 13.736786 
0.515000 17.682400 4678.300000 2899.224102 1219.250000 245.526914 199.569152 14.152196 
0.597500 10.981600 4777.700000 2870.186544 1210.250000 246.586765 199.572758 14.551851 
0.620000 14.437000 4871.400000 3141.511371 1216.000000 248.969181 199.671985 14.776817 
0.560000 17.892300 4950.200000 2973.720953 1210.250000 245.417426 199.627478 14.806137 
0.530000 17.469750 5117.700000 3197.052511 1213.000000 248.119920 199.694314 14.614972 
0.642500 17.998250 5232.000000 3242.020949 1207.000000 264.468656 199.743736 14.450992 
0.570000 17.676950 5231.100000 3157.495312 1222.500000 245.386620 199.720652 14.233187 
0.595000 16.898000 5126.600000 3230.263964 1221.750000 265.472120 199.585180 14.124424 
0.595000 17.015650 5343.800000 3312.587652 1220.500000 264.499999 199.543648 14.036664 
0.357500 17.640600 5185.100000 3112.163343 1213.250000 251.315444 199.569866 11.754183 
0.430000 17.132400 5165.600000 3290.856293 1221.750000 280.570842 199.697089 11.597121 
0.415000 18.052050 5276.600000 3179.812628 1219.500000 243.609978 199.762118 12.955374 
0.430000 18.057200 5122.300000 3236.708453 1222.250000 261.058394 199.630363 14.291479 
0.572500 17.411400 5112.900000 3142.277962 1212.250000 247.869817 199.617661 14.760269 
0.550000 17.187750 5009.800000 3157.830966 1217.500000 255.269280 197.894886 14.686006 
0.580000 16.378650 5254.100000 3313.889902 1224.000000 280.949937 199.499053 14.644172 
0.570000 17.033650 5308.100000 3120.174139 1228.250000 260.921338 199.123519 14.494288 
0.457500 17.751450 5189.100000 3328.754146 1222.500000 241.853609 199.115526 12.533201 
0.530000 12.838350 4659.400000 3328.503371 1206.000000 172.985900 131.950858 4.889281 
0.977500 9.360950 3682.000000 2989.541601 1207.250000 125.058247 72.115597 4.682082 
0.910000 11.118800 3540.100000 2823.684124 1188.500000 100.086118 76.018023 1.211681 
0.890000 7.375000 3542.900000 2757.424799 1180.250000 100.054392 73.971034 0.058814 
0.820000 3.576050 3014.700000 2594.539123 1164.250000 78.686261 49.648972 0.062553 
0.410000 7.308700 4322.600000 3152.757201 1198.750000 166.238378 87.359434 4.165164 
0.425000 8.604800 4311.600000 3243.262175 1214.750000 165.825728 107.143376 4.993699 
0.440000 9.900850 4348.200000 3249.310102 1205.500000 152.228303 119.648936 5.787401 
0.490000 11.381850 4448.900000 3249.234416 1221.000000 165.814520 140.841145 6.590020 
1.070000 10.232900 4624.200000 3349.910232 1226.750000 180.540721 144.528271 7.102868 
1.100000 10.913150 4771.200000 3290.020173 1239.000000 194.426958 151.865030 7.655975 
0.890000 10.708300 4870.700000 3218.077574 1233.000000 194.260497 158.662572 7.799929 
0.910000 10.530500 4823.400000 3177.666562 1229.000000 188.902876 159.718708 7.759040 
0.932500 12.770300 4935.300000 3357.686931 1218.250000 205.408708 162.980986 8.746341 
0.665000 13.076700 4985.500000 3343.729308 1229.500000 210.538623 164.912731 9.840798 
0.500000 12.500000 5034.200000 3283.761528 1234.750000 208.255572 172.073094 10.547347 
0.537500 11.631700 5105.300000 3323.574690 1236.750000 226.800477 179.042818 12.408996 
0.475000 30.995150 5210.700000 3303.297065 1233.500000 228.972439 182.575765 12.658392 
0.670000 12.555900 5055.100000 3235.716947 1234.750000 228.511660 184.789360 11.555742 
0.735000 12.994300 5153.600000 3303.727953 1224.500000 217.122592 184.730886 11.776705 
0.665000 12.487450 5028.100000 3224.518051 1222.250000 190.056289 184.783687 11.088901 
0.710000 13.231100 5115.800000 3343.819827 1217.000000 233.485032 184.229324 9.323664 
0.735000 4.030000 5188.300000 3327.603480 1224.000000 219.401441 184.773953 9.188905 
0.782500 5.372000 5200.000000 3338.099709 1218.250000 238.751774 184.793753 9.146929 
0.650000 6.714000 5007.700000 3230.530884 1226.250000 190.430214 184.749993 9.224242 
0.942500 8.055900 4945.200000 3259.680088 1202.000000 211.707469 184.742288 9.668573 
0.925000 9.397900 4975.200000 3204.360446 1193.500000 223.885792 184.777622 11.138550 
0.935000 10.739900 4986.900000 3148.795877 1198.000000 220.898367 184.670625 11.284536 
0.870000 12.081900 4920.200000 3132.057394 1216.500000 208.712576 184.604157 11.587575 
0.817500 13.423850 4989.800000 3293.022399 1207.750000 235.484311 184.715207 11.896808 
0.740000 5.749400 5064.000000 3316.755294 1215.500000 222.174187 185.454961 12.034763 
0.612500 8.863500 4935.200000 3343.914552 1207.500000 219.356908 180.846518 10.534737 
0.600000 11.977600 4984.900000 3318.419939 1214.000000 206.912646 179.265681 9.582599 
0.560000 15.705750 5141.800000 3321.494730 1208.000000 219.075174 179.751960 10.510458 
0.600000 15.790600 5131.200000 3282.520128 1225.000000 221.878848 179.729335 11.518390 
0.615000 15.932150 5192.300000 3356.069340 1215.500000 236.829402 179.616058 11.450402 
0.480000 16.788950 5211.700000 3369.404657 1217.500000 218.706653 179.643724 11.279530 
0.462500 17.144400 5189.600000 3246.011805 1213.250000 207.576764 179.507852 10.230349 
0.505000 15.261350 5169.500000 3340.077983 1197.750000 225.334449 179.668269 10.200557 
0.635000 16.039100 5137.800000 3308.204527 1200.500000 225.039820 179.446477 10.433197 
0.670000 15.683350 5058.800000 2992.007109 1213.500000 245.947763 182.218573 10.726008 
0.560000 16.726300 4865.500000 3081.317006 1208.250000 164.978249 179.019047 9.717731 
0.770000 0.778000 4732.100000 3303.785557 1209.250000 204.586517 176.478947 9.844913 
0.960000 11.988700 5061.600000 3353.405959 1209.500000 219.115845 175.425939 10.489108 
0.507500 23.199500 5065.400000 3225.485874 1218.500000 209.856010 179.587534 12.207421 
0.537500 16.412300 5030.800000 3220.362491 1209.000000 236.189789 182.962219 12.780183 
0.650000 15.930000 4887.000000 3095.601125 1214.500000 195.996917 184.556862 13.056884 
0.650000 15.038400 4811.900000 3092.226488 1208.750000 217.489496 184.579145 11.817294 
0.640000 13.349550 4755.700000 2944.012064 1216.750000 160.631861 181.081865 10.970863 
0.675000 13.695100 4562.400000 3113.272103 1200.250000 204.711673 175.038259 9.486085 
0.625000 15.710400 5026.400000 3289.232769 1211.750000 221.999979 180.005449 11.431421 
0.615000 17.530400 5136.200000 3315.052136 1205.000000 233.712293 184.358810 12.634813 
0.570000 18.018300 5114.300000 3293.645769 1213.500000 233.717179 184.656654 12.992984 
0.515000 16.589600 5049.300000 3265.371780 1209.000000 223.452371 184.521767 13.791051 
0.627500 16.223700 5108.100000 3300.004978 1207.000000 214.964123 184.184733 14.824716 
0.690000 15.585800 4774.700000 3026.074968 1199.000000 178.424895 161.731111 11.273169 
0.835000 14.240950 4971.200000 3248.120340 1176.750000 206.197091 176.376086 9.223015 
0.837500 15.819700 5014.900000 3219.592153 1167.000000 208.929786 180.640142 9.087902 
0.790000 15.003400 4912.500000 3202.705755 1182.250000 191.510070 183.093581 9.581060 
0.845000 14.545700 4952.200000 3226.585340 1176.000000 203.186349 181.884397 12.178463 
0.712500 15.372400 5093.400000 3288.480119 1194.000000 217.968958 184.574547 12.702323 
0.695000 14.616000 5002.000000 3164.551434 1210.500000 235.796471 184.704508 12.795489 
0.770000 14.541850 4967.500000 3202.197498 1212.000000 220.776835 184.673744 12.766188 
0.870000 15.552300 5012.000000 3209.889952 1210.250000 224.017713 184.631344 12.710751 
0.720000 14.510500 4960.400000 3224.895597 1214.500000 218.082700 184.565308 13.015463 
0.635000 14.644850 5027.500000 3184.625133 1213.000000 219.337566 184.539260 11.398807 
0.575000 15.322150 4852.200000 3179.175279 1215.000000 204.991258 182.642750 9.344537 
0.655000 14.617500 4987.100000 3197.690575 1206.750000 207.489282 180.685332 9.471027 
0.620000 15.027500 4960.700000 3246.190716 1216.000000 216.351057 180.443962 9.470512 
0.615000 16.592000 5125.400000 3295.606668 1206.000000 234.320551 180.497361 9.307551 
0.600000 17.316700 4780.300000 3057.544030 1215.250000 187.078839 173.868191 9.129855 
0.695000 15.688700 5056.300000 3266.400344 1204.750000 219.388063 183.082677 9.053410 
0.625000 15.691700 4949.600000 3033.697944 1216.000000 193.026397 181.142075 9.012400 
0.860000 14.737000 4595.300000 3021.491296 1209.500000 201.894091 165.892955 8.967877 
1.010000 13.847000 4815.900000 3173.949013 1185.750000 201.922981 175.674523 8.931379 
0.985000 15.176200 4972.400000 3334.011130 1193.000000 219.002840 179.597702 8.965591 
0.652500 16.059400 5133.000000 3253.773280 1219.500000 233.984349 183.073895 9.247507 
0.537500 16.076150 5096.600000 3174.383774 1215.250000 216.711744 184.698035 9.536121 
0.500000 14.550500 4707.700000 2987.175222 1218.000000 173.336353 180.572696 9.705238 
0.850000 14.640500 4868.800000 3316.828980 1216.000000 219.196275 179.612061 9.746761 
0.750000 15.149700 5005.900000 3168.873280 1222.000000 205.233214 179.688328 9.704587 
0.680000 13.741000 4841.800000 3183.834968 1215.000000 213.867051 179.648263 9.515426 
0.785000 14.353850 5016.400000 3118.054993 1209.250000 202.163420 179.747484 9.303743 
0.810000 13.184750 4600.600000 3024.135722 1212.250000 184.997511 174.991499 9.217546 
0.845000 14.087250 4997.400000 3270.568024 1208.500000 231.663528 182.068584 9.177572 
0.665000 16.098500 4985.700000 3126.008081 1190.250000 199.491826 184.088916 9.111140 
0.585000 16.064100 5160.900000 3354.995926 1213.750000 231.202959 184.420236 9.059374 
0.430000 16.595000 5222.500000 3360.995828 1214.750000 231.017565 184.603707 9.129013 
0.480000 16.665300 5021.300000 3143.031919 1213.000000 202.136587 183.301134 9.366584 
0.652500 14.984500 4667.000000 3114.352261 1198.250000 175.346463 179.545687 9.544604 
0.950000 14.528750 4746.400000 3334.948575 1196.500000 174.705365 176.717673 9.729906 
0.970000 14.885150 4992.800000 3319.775781 1195.500000 237.248517 177.822212 9.773289 
0.977500 15.062000 5025.300000 3101.386140 1200.250000 204.784329 184.596230 9.677997 
0.815000 13.572500 4782.400000 3228.979524 1198.500000 189.631882 180.340556 9.510162 
0.880000 13.786000 4965.300000 3317.095783 1209.250000 236.748730 179.553053 9.349240 
0.695000 15.198500 5037.600000 3241.418680 1208.500000 211.005049 179.691042 9.270744 
0.530000 15.392700 4955.300000 3138.867563 1206.750000 205.030973 179.640879 9.226203 
0.700000 14.038900 4915.500000 3186.902568 1187.250000 210.899685 179.682374 9.197936 
0.755000 13.479600 4931.300000 3232.798854 1186.750000 219.296512 179.677701 9.164193 
0.837500 14.334850 5113.300000 3249.309835 1184.250000 195.878147 181.972896 9.171181 
0.830000 12.329600 5015.300000 3315.424932 1195.500000 225.326534 184.663128 10.421548 
0.787500 13.998000 5169.500000 3404.721369 1191.250000 239.981589 184.711734 11.334135 
0.647500 14.174900 5227.700000 3266.613100 1208.250000 212.986168 184.633414 14.483719 
0.940000 11.776300 4987.800000 3297.083005 1201.750000 243.174438 184.620115 14.782551 
0.790000 11.585800 4989.900000 3206.270305 1214.750000 212.083756 184.616330 14.561716 
0.760000 12.453950 4985.100000 3149.112635 1209.250000 231.256438 184.702460 14.275990 
0.690000 13.701550 4944.800000 3208.832206 1219.250000 246.868904 184.704223 14.152996 
0.532500 14.774550 5026.200000 3267.751177 1209.250000 218.630257 184.699648 14.066461 
0.480000 14.699950 5015.400000 3320.592060 1209.000000 261.468427 184.749028 13.988880 
0.420000 14.302000 5125.800000 3340.195524 1196.250000 246.534152 184.602942 13.958922 
0.407500 14.882500 5045.500000 3240.796838 1204.500000 234.205374 184.682414 13.896404 
0.407500 14.314050 4936.300000 3286.275597 1201.250000 240.035442 184.676062 13.946836 
0.420000 15.348250 5192.400000 3454.948671 1212.750000 243.185155 184.732498 14.349185 
0.445000 15.246250 5251.100000 3382.968983 1217.000000 231.102962 184.701830 14.701179 
0.360000 16.383850 5207.800000 3432.156986 1228.250000 246.389264 184.285236 14.691364 
0.402500 16.131650 5127.400000 3305.386785 1227.000000 200.541418 182.390189 13.511057 
0.570000 16.414550 5157.700000 3514.636050 1233.000000 246.886729 180.408482 7.764376 
0.565000 17.801600 5360.400000 3480.352197 1219.750000 231.464551 168.786048 4.998989 
0.560000 16.057750 5339.000000 3366.826072 1232.750000 215.716845 177.332399 5.000003 
0.477500 16.908400 5350.100000 3463.577000 1229.500000 231.376128 182.320790 5.119560 
0.460000 17.371300 5388.900000 3583.978442 1237.250000 247.218616 181.463035 6.001277 
0.520000 17.579600 5313.600000 3471.310544 1228.750000 228.205580 184.660087 6.292878 
0.417500 17.078100 5217.900000 3371.317151 1232.750000 218.903873 184.739907 8.584237 
0.630000 16.288050 5262.500000 3343.327128 1223.750000 246.481661 184.741651 11.957214 
0.660000 17.089900 5213.500000 3355.344426 1229.000000 234.070321 184.682253 12.161048 
0.600000 16.368900 5117.700000 3310.963978 1220.750000 214.476490 184.565037 11.168390 
0.835000 15.063400 4959.800000 3214.347047 1217.250000 189.359926 184.339658 7.494253 
0.860000 15.158700 5074.000000 3252.826416 1210.250000 249.085332 184.436317 10.594614 
0.792500 13.180400 4936.600000 3163.319535 1214.500000 182.926054 183.639231 11.790080 
0.590000 15.621750 5104.600000 3290.905517 1210.500000 226.918179 184.453368 11.800165 
0.545000 15.950850 5151.500000 3300.782347 1222.000000 251.754561 184.601358 11.795886 
0.532500 15.665500 5130.500000 3248.784722 1224.000000 234.583587 184.639734 11.801742 
0.450000 14.831550 4970.400000 3253.562735 1231.000000 204.838788 184.602626 11.904869 
0.520000 15.947550 5072.300000 3247.927036 1229.000000 236.223400 183.620358 11.899153 
0.490000 17.699100 5202.300000 3271.611211 1238.750000 251.480416 184.003394 11.900217 
0.475000 18.166300 5143.700000 3266.742477 1235.750000 220.003823 184.550375 11.899973 
0.517500 16.689300 5148.500000 3334.852752 1240.750000 232.628054 184.654247 11.893204 
0.405000 17.184750 5072.100000 3249.858039 1223.250000 220.713285 184.589066 11.898792 
0.600000 17.498050 5141.200000 3363.268704 1171.250000 204.960482 184.622762 11.531266 
0.582500 15.054200 5050.400000 3244.308480 1202.750000 205.095231 184.579065 11.608609 
0.650000 15.199800 5190.100000 3419.808265 1203.500000 240.131302 184.619223 11.995721 
0.495000 14.831550 5094.500000 3238.552671 1184.750000 195.854881 183.792693 9.362720 
0.440000 13.673000 4946.300000 3181.111155 1197.250000 217.991316 183.914558 7.000863 
0.590000 13.893550 5151.800000 3365.756042 1201.000000 236.900298 184.674741 7.001534 
0.465000 15.298200 5163.700000 3286.380778 1209.750000 221.097191 184.582775 8.472981 
0.520000 16.023300 4975.000000 3191.289061 1218.000000 214.587313 184.765574 11.430029 
0.515000 16.250600 4977.200000 3188.693964 1220.500000 220.651012 182.688369 11.997808 
0.505000 16.375400 5074.400000 3192.689213 1226.750000 221.153937 184.728283 11.327724 
0.530000 15.686200 5000.800000 3253.310307 1221.500000 221.523974 184.688213 10.001324 
0.585000 15.830700 5125.800000 3241.269340 1217.500000 234.679407 184.753129 9.999376 
0.500000 17.177550 5062.500000 3207.214537 1210.500000 206.353481 184.630406 10.001483 
0.567500 17.189150 5147.700000 3362.584631 1215.500000 224.835489 184.208434 9.850976 
0.565000 16.626150 5177.500000 3323.099602 1210.750000 222.760681 184.787537 4.797407 
0.532500 15.604050 5177.900000 3263.151087 1205.500000 222.648100 184.615339 6.234009 
0.617500 14.873050 5099.400000 3298.746456 1198.750000 222.802402 184.617007 8.700923 
0.490000 15.507200 5081.400000 3154.671946 1209.000000 206.851631 184.700185 10.490735 
0.780000 14.938700 5082.800000 3252.495306 1208.750000 241.293801 184.746875 11.545711 
0.560000 15.841350 5140.200000 3297.051114 1214.500000 237.950960 184.768544 11.993691 
0.380000 16.067900 5065.800000 3209.700168 1214.500000 222.036580 184.749898 11.998316 
0.552500 15.462900 5086.800000 3273.160094 1215.250000 240.706126 184.697659 11.998438 
0.500000 13.675750 5099.100000 3233.747522 1212.500000 225.013233 184.680496 11.999408 
0.522500 5.351500 5004.200000 3147.393330 1212.250000 201.383507 184.706055 11.996728 
0.540000 15.499900 4953.100000 3239.493847 1214.000000 202.619508 184.731929 11.799660 
0.577500 15.780950 5190.900000 3426.146264 1224.000000 221.980688 184.663106 11.979893 
0.392500 16.259450 5204.800000 3316.556279 1217.750000 240.577854 184.638635 12.004997 
0.367500 16.330400 5081.500000 3150.403754 1226.500000 222.782907 184.592902 8.306510 
0.455000 16.881000 5123.400000 3288.363181 1214.500000 229.501862 184.625916 4.999764 
0.490000 16.835600 5071.100000 3191.387282 1218.500000 213.210882 184.702828 5.406296 
0.507500 16.100900 5040.800000 3203.636136 1206.500000 222.862236 184.473169 6.900967 
0.680000 14.987300 4948.600000 3137.124545 1200.750000 197.178882 184.752507 8.512613 
0.700000 14.478900 5037.700000 3232.186935 1183.500000 222.977882 184.673644 10.225823 
0.540000 15.280000 4986.300000 3171.873296 1199.750000 226.020396 184.685613 10.394274 
0.435000 37.473500 5277.300000 3426.139500 1228.942500 260.654000 194.295000 12.002500 
0.530000 37.391500 5203.448000 3278.056500 1226.262500 228.462000 194.335000 11.997500 
0.677500 38.333000 5012.438000 3214.411000 1232.477500 208.891000 194.315000 12.000000 
0.490000 24.694500 5161.280000 3331.491000 1233.607500 243.391500 194.342500 12.005000 
0.400000 39.086500 5255.496000 3337.064500 1232.165000 275.966000 196.005000 12.117500 
0.440000 36.720500 5195.205000 3313.509500 1229.875000 258.873500 199.280000 12.200000 
0.410000 40.079000 5471.273000 3466.934500 1219.575000 254.520000 199.362500 12.027500 
0.400000 44.140500 5431.087000 3579.107000 1225.845000 231.276500 185.292500 11.392500 
0.445000 46.918500 5390.183000 3597.458000 1212.172500 246.813000 177.455000 10.412500 
0.505000 38.387500 5315.144000 3455.012000 1230.910000 229.359000 175.122500 11.617500 
0.540000 39.452000 5260.226000 3398.446000 1225.462500 231.114000 178.285000 11.905000 
0.492500 39.198500 5296.843000 3388.308500 1229.357500 227.903000 182.700000 11.347500 
0.510000 41.088500 5283.460000 3382.823000 1223.595000 235.420500 184.332500 10.500000 
0.690000 41.001500 5145.564000 3241.749500 1224.760000 225.660000 184.342500 9.807500 
0.690000 40.117500 5046.701000 3185.210500 1212.945000 193.609000 184.370000 9.672500 
0.590000 40.582000 5171.156000 3315.554500 1225.710000 235.443000 186.600000 8.402500 
0.490000 40.984000 5194.240000 3273.089500 1224.532500 229.450500 192.912500 8.000000 
0.590000 39.028500 5062.113000 3203.213000 1228.437500 220.631500 194.260000 8.000000 
0.425000 41.418500 5134.221000 3324.706000 1219.680000 225.815500 195.160000 7.997500 
0.370000 43.870500 5311.054000 3361.768000 1231.587500 247.497000 195.332500 8.255000 
0.500000 41.767500 5068.954000 3249.214500 1232.487500 218.361500 194.347500 8.002500 
0.370000 41.414000 5049.138000 3196.453000 1229.120000 232.753000 194.297500 8.002500 
0.495000 42.604000 5053.061000 3219.297000 1226.565000 214.018500 194.342500 8.002500 
0.600000 40.136500 4920.456000 3173.917500 1232.017500 203.661500 194.327500 8.000000 
0.970000 36.885000 4917.184000 3084.260500 1215.812500 196.368000 193.710000 8.212500 
1.000000 35.205500 4865.349000 3092.913500 1189.497500 194.589500 185.235000 8.002500 
1.002500 32.296000 4897.450000 3031.334000 1171.415000 188.662000 187.937500 7.250000 
1.010000 26.975000 4589.043000 2842.402500 1177.350000 168.024000 168.080000 5.155000 
0.730000 20.534000 4395.227000 2889.758500 1157.225000 191.974000 153.867500 3.500000 
0.915000 29.370500 4641.742000 3071.416500 1168.327500 174.335000 161.885000 5.295000 
0.835000 27.530000 4879.555000 3175.680500 1151.565000 200.071500 171.867500 6.505000 
0.635000 28.375500 5022.232000 3170.495000 1160.257500 220.147000 180.737500 8.905000 
0.645000 30.273500 5021.611000 3136.828500 1161.547500 231.679000 183.967500 9.220000 
0.667500 29.217500 4825.066000 3066.068500 1160.545000 221.567500 183.715000 9.432500 
0.470000 33.185000 5062.536000 3273.636500 1182.570000 223.321500 187.090000 9.515000 
0.500000 36.043000 5016.516000 3242.958000 1212.880000 216.836500 189.332500 10.002500 
0.440000 36.597500 5191.807000 3321.367000 1210.737500 234.347500 189.322500 10.002500 
0.370000 35.686500 5174.616000 3307.971000 1216.385000 248.939500 189.335000 10.000000 
0.397500 35.995000 5152.897000 3277.342000 1224.152500 237.726000 191.025000 9.997500 
0.587500 36.189500 5157.466000 3275.775000 1233.375000 231.183000 194.300000 10.075000 
0.500000 37.708000 5194.339000 3331.572500 1224.860000 257.153000 194.277500 10.160000 
0.450000 38.793000 5342.863000 3394.553500 1223.747500 238.957500 197.542500 11.700000 
0.470000 40.087000 5309.334000 3340.458000 1221.765000 252.583000 199.265000 12.195000 
0.410000 42.673000 5393.201000 3426.330000 1225.755000 257.785500 199.312500 12.130000 
0.365000 42.419500 5349.321000 3369.516500 1220.180000 253.669000 199.247500 12.000000 
0.452500 40.031500 5249.031000 3323.519000 1223.592500 229.771500 199.297500 12.002500 
0.530000 31.378000 5203.984000 3259.921500 1221.685000 253.294000 199.250000 11.990000 
0.467500 44.411000 5079.691000 3204.358500 1230.047500 223.808000 199.235000 11.912500 
0.455000 38.544000 5217.815000 3350.109500 1230.515000 234.329500 199.272500 10.000000 
0.410000 40.640500 5132.629000 3227.123500 1228.407500 219.748000 199.265000 8.592500 
0.440000 39.614000 5012.797000 3215.362000 1225.372500 221.520000 199.317500 6.422500 
0.630000 36.923000 5087.912000 3253.749000 1230.680000 225.236500 199.342500 5.685000 
0.750000 35.810500 5116.405000 3209.125000 1222.205000 230.191000 199.252500 8.167500 
0.760000 34.215500 5028.080000 3181.921500 1233.412500 219.483000 199.272500 9.790000 
0.820000 32.701000 5069.448000 3206.458000 1216.967500 225.919500 199.235000 10.002500 
0.940000 33.455000 4981.523000 3138.806000 1230.097500 238.608500 199.272500 10.000000 
0.870000 31.701000 4585.439000 2974.475000 1222.057500 200.485000 199.270000 10.000000 
0.937500 29.450000 4973.258000 3086.505000 1217.795000 225.622000 198.557500 10.610000 
0.947500 26.765000 4952.817000 3132.371500 1176.347500 220.218500 196.360000 10.632500 
0.790000 29.210500 5055.691000 3204.221000 1182.170000 228.904500 198.690000 12.142500 
0.762500 30.449000 5066.841000 3198.350000 1187.675000 245.549000 199.197500 12.202500 
0.755000 29.307500 5094.479000 3100.748500 1196.435000 216.864000 199.245000 12.200000 
0.770000 28.362000 5016.826000 3104.212500 1188.320000 243.048500 199.242500 12.197500 
0.530000 29.928500 5014.170000 3142.231000 1204.842500 230.882000 199.270000 12.207500 
0.470000 30.059500 5199.510000 3267.871000 1203.935000 268.050500 199.270000 12.197500 
0.447500 32.316500 5183.222000 3254.762000 1217.957500 254.201000 199.275000 12.190000 
0.465000 30.784500 5270.572000 3328.604500 1213.815000 284.792500 199.277500 12.192500 
0.660000 29.643000 5234.717000 3269.405000 1217.385000 256.613500 199.190000 12.015000 
0.565000 30.722500 5201.787000 3354.007500 1218.367500 245.525000 199.245000 11.390000 
0.437500 31.543000 5291.072000 3335.953500 1218.385000 254.651000 199.252500 10.997500 
0.410000 33.682000 5278.584000 3393.357500 1215.832500 256.658000 199.237500 10.997500 
0.480000 32.944500 5307.616000 3387.781500 1213.415000 251.989000 199.265000 11.530000 
0.502500 33.051000 5352.138000 3521.347500 1219.442500 254.192000 199.317500 12.105000 
0.425000 34.674000 5438.714000 3588.063500 1222.050000 249.765000 190.875000 12.437500 
0.470000 34.883000 5335.562000 3436.122500 1210.600000 227.721500 193.020000 12.505000 
0.607500 33.644000 5293.239000 3378.985000 1213.950000 261.087000 196.630000 12.335000 
0.775000 33.389500 5256.553000 3301.770500 1212.632500 211.798500 196.952500 12.162500 
0.825000 13.765000 4559.567000 3173.178500 1188.632500 144.813500 118.165000 6.145000 
0.530000 37.023000 5146.029000 3648.359000 1214.745000 217.900000 148.280000 12.002500 
0.727500 32.480000 5210.193000 3304.595000 1217.355000 228.144000 180.750000 12.002500 
0.740000 21.032500 5059.986000 3210.840000 1229.450000 179.953000 185.407500 11.902500 
0.522500 34.994500 4965.897000 3485.073000 1204.512500 222.758500 165.175000 8.595000 
0.760000 35.134000 5138.667000 3306.843500 1204.132500 208.574000 170.542500 11.890000 
0.405000 30.019500 5121.009000 3274.019500 1213.250000 220.208000 191.547500 12.155000 
0.445000 34.044500 5305.980000 3403.555500 1210.425000 239.748500 163.320000 12.205000 
0.672500 35.221000 5182.962000 3254.775000 1219.647500 209.982500 171.517500 12.197500 
0.720000 35.545000 5150.551000 3316.124000 1211.937500 221.228500 183.000000 12.025000 
0.805000 35.529000 5227.251000 3403.294500 1220.225000 237.908500 193.680000 12.085000 
0.977500 20.397500 5241.589000 3302.523500 1210.165000 239.917000 198.002500 12.202500 
0.720000 31.877000 5146.077000 3220.118000 1216.467500 244.138000 199.280000 12.202500 
0.525000 32.487000 5310.902000 3402.132000 1215.892500 230.951000 199.252500 12.200000 
0.615000 34.132500 5343.366000 3323.051500 1212.735000 225.009500 199.235000 11.505000 
0.650000 33.543500 5233.961000 3208.385000 1209.405000 242.454500 199.270000 10.200000 
0.620000 32.941000 5326.318000 3337.107500 1208.755000 248.187500 199.280000 10.197500 
0.575000 32.480000 5255.750000 3239.379500 1208.292500 227.270500 199.290000 9.400000 
0.525000 34.269500 5205.205000 3293.618500 1219.945000 229.142000 199.327500 9.872500 
0.430000 34.118500 5240.551000 3329.973000 1213.820000 229.881500 199.360000 12.000000 
0.480000 37.399500 5236.709000 3370.330000 1211.030000 256.434500 199.282500 12.097500 
0.555000 35.083000 5203.655000 3263.099000 1198.420000 229.595000 173.127500 9.792500 
0.567500 38.883000 5003.346000 3216.585000 1184.417500 231.361500 168.535000 7.430000 
0.990000 32.236500 4726.524000 2974.021000 1191.767500 207.389000 166.820000 8.000000 
0.870000 31.027000 4648.759000 2921.620000 1201.860000 208.102500 165.567500 6.752500 
0.830000 29.291000 4657.184000 2896.480500 1199.770000 187.277000 170.125000 6.000000 
0.830000 28.576500 4684.932000 2936.851500 1192.622500 190.389000 177.720000 6.002500 
0.495000 32.934000 4843.772000 3197.013000 1190.220000 253.315500 182.130000 7.042500 
0.425000 32.353000 5028.552000 3184.141000 1201.312500 221.221000 191.207500 9.725000 
0.405000 33.412500 5123.935000 3175.864000 1197.610000 238.859500 199.312500 11.995000 
0.490000 35.220000 5067.435000 3168.672000 1200.522500 228.004500 199.282500 12.000000 
0.435000 34.896500 5069.402000 3151.216000 1206.222500 266.303500 199.337500 11.977500 
0.450000 33.756000 5038.680000 3150.504000 1211.717500 223.932500 199.337500 12.002500 
0.360000 35.995000 5137.503000 3196.848500 1211.705000 256.672500 199.315000 12.002500 
0.465000 36.836000 5161.763000 3144.669500 1213.870000 265.307500 199.285000 12.000000 
0.430000 34.142000 5015.461000 3165.662000 1208.330000 229.008500 199.297500 12.002500 
0.560000 35.577000 5014.049000 3062.391500 1219.425000 249.316500 199.305000 12.000000 
0.607500 33.425000 4911.573000 3053.339000 1197.005000 235.941500 199.282500 11.997500 
0.515000 35.350500 4944.151000 3330.559000 1198.370000 223.637000 191.432500 11.690000 
0.415000 36.632500 4859.880000 3341.663500 1211.825000 283.989500 179.557500 10.902500 
0.460000 36.383000 5042.196000 3274.853500 1217.782500 249.066000 192.232500 11.995000 
0.545000 37.594500 5150.134000 3231.805000 1208.922500 254.574500 199.277500 12.027500 
0.457500 37.872000 5293.600000 3243.897000 1216.870000 248.703000 199.320000 12.197500 
0.510000 36.724500 5319.145000 3257.354500 1198.750000 262.118500 199.260000 10.820000 
0.485000 38.301000 5214.778000 3250.318500 1227.615000 234.781000 199.275000 4.742500 
0.550000 38.170000 5236.911000 3205.053500 1216.665000 252.629000 199.340000 10.855000 
0.720000 36.952000 5141.579000 3185.777000 1212.882500 224.447500 199.300000 12.222500 
0.740000 37.324000 5036.159000 3120.595500 1216.147500 229.916000 199.332500 12.220000 
0.522500 37.344000 5155.156000 3246.227000 1222.947500 235.252000 199.382500 12.220000 
0.622500 36.476000 5161.574000 3154.988500 1213.932500 224.654500 199.330000 12.222500 
0.600000 36.352000 5023.779000 3060.540000 1214.677500 216.536500 199.320000 12.222500 
0.460000 36.509500 5094.615000 3246.107000 1222.757500 237.991500 194.375000 12.220000 
0.440000 36.466500 5154.770000 3167.496000 1227.130000 245.240500 199.335000 12.220000 
0.455000 37.014500 5104.858000 3217.052000 1224.530000 235.234000 199.330000 12.217500 
0.425000 36.924000 5199.031000 3267.638000 1228.802500 222.060500 199.327500 11.345000 
0.585000 36.940000 5247.884000 3274.864000 1222.837500 239.143000 199.360000 9.747500 
0.832500 33.445000 5032.927000 3173.887500 1230.452500 234.928000 197.455000 5.885000 
0.562500 35.377000 5027.118000 3276.710000 1220.247500 244.216500 197.432500 7.052500 
0.570000 36.423500 5180.418000 3201.839500 1223.460000 235.158500 199.332500 8.367500 
0.695000 31.908500 4976.073000 3023.298000 1210.730000 213.485000 199.335000 7.205000 
0.535000 32.320000 5086.177000 3115.557500 1204.057500 250.597500 199.345000 7.150000 
0.467500 32.629000 5133.805000 3231.374000 1205.345000 218.353000 199.302500 7.032500 
0.420000 39.397500 5261.757000 3324.056000 1209.402500 246.811000 199.425000 7.002500 
0.400000 40.047000 5291.177000 3312.312500 1204.447500 249.134500 199.347500 7.000000 
0.400000 38.270000 5293.525000 3269.533000 1200.680000 256.610000 199.352500 9.755000 
0.440000 39.457000 5161.700000 3199.677500 1200.067500 243.937500 199.377500 11.987500 
0.505000 37.215000 5042.924000 3183.214500 1205.317500 241.002000 199.360000 11.837500 
0.520000 38.425500 5148.160000 3164.542500 1200.955000 244.776500 199.297500 9.797500 
0.650000 36.829000 5179.932000 3167.029000 1212.835000 239.826500 199.357500 11.720000 
0.667500 33.475000 5056.501000 3109.272000 1205.435000 217.807000 199.387500 5.842500 
0.560000 33.290000 5241.831000 3301.869000 1192.592500 255.670500 199.345000 4.732500 
0.420000 38.121000 5308.571000 3282.044000 1189.250000 256.618000 199.345000 4.252500 
0.377500 39.152000 5264.452000 3444.867000 1190.822500 236.380500 199.372500 3.572500 
0.355000 38.293000 5382.726000 3349.535500 1185.855000 228.498500 199.357500 3.335000 
0.485000 40.909000 5332.847000 3366.029000 1184.595000 229.991500 199.380000 2.100000 
0.550000 35.719500 5003.029000 3147.158000 1183.375000 208.841000 199.322500 2.102500 
0.657500 35.571000 5290.337000 3366.235000 1177.257500 207.552500 196.480000 2.097500 
0.650000 36.610000 5321.258000 3325.262000 1179.277500 223.603500 194.850000 2.100000 
0.580000 35.803000 5280.499000 3362.248500 1181.162500 242.684000 199.350000 3.225000 
0.580000 34.977000 5347.369000 3300.944000 1180.125000 215.471500 199.322500 3.600000 
0.595000 35.591000 5292.614000 3263.078000 1178.080000 239.727000 199.290000 3.597500 
0.615000 34.944000 5321.746000 3284.435500 1182.732500 231.757500 199.335000 3.600000 
0.570000 33.855500 5285.768000 3302.540000 1176.390000 238.092000 199.372500 3.600000 
0.560000 32.691500 5223.090000 3264.456000 1185.570000 237.347500 199.415000 3.602500 
0.630000 35.756000 5145.585000 3189.021500 1175.422500 225.385500 199.420000 3.657500 
0.595000 34.679500 5147.037000 3098.938500 1187.297500 251.905500 199.360000 7.337500 
0.785000 27.505500 4928.525000 2955.462000 1194.975000 226.864000 199.385000 8.775000 
0.950000 29.234000 4765.719000 2845.618500 1208.642500 227.699500 195.060000 7.505000 
0.722500 26.398500 4718.677000 3003.966000 1206.250000 208.817000 192.085000 6.717500 
0.430000 35.588000 4739.321000 3168.758000 1211.262500 212.202000 180.575000 6.000000 
0.417500 31.907500 4360.660000 3205.773000 1217.102500 169.002000 149.365000 6.000000 
0.470000 28.953500 4387.044000 3271.489500 1221.065000 232.458500 149.847500 6.000000 
0.600000 32.912500 4507.219000 3193.774500 1222.490000 194.404500 153.230000 6.000000 
0.680000 30.663500 4657.971000 3125.246500 1228.202500 185.625500 160.662500 6.002500 
0.710000 31.465000 4802.779000 3081.517500 1224.242500 184.210000 166.160000 6.000000 
0.760000 32.005500 4798.747000 3098.522500 1216.570000 224.354500 167.680000 6.000000 
0.730000 30.431500 4683.835000 3008.290500 1217.555000 188.979000 166.317500 6.000000 
0.790000 28.520000 4803.675000 3096.115000 1223.062500 223.909000 168.655000 5.997500 
0.870000 28.963500 4819.298000 2958.275000 1224.530000 187.671500 171.940000 6.000000 
0.860000 28.014000 4793.661000 3088.762500 1216.522500 203.087500 168.955000 6.000000 
0.520000 29.485000 4835.416000 3320.054000 1226.377500 197.573000 164.337500 6.025000 
0.860000 30.993500 4941.734000 3249.884500 1227.267500 227.660500 167.657500 6.865000 
0.550000 31.922000 4947.463000 3240.372500 1231.420000 213.399000 173.870000 7.142500 
0.760000 30.471000 4907.613000 3113.830500 1224.990000 227.898000 175.115000 7.182500 
0.795000 30.711000 4751.776000 3100.933500 1224.422500 216.387000 176.517500 7.307500 
0.700000 32.573000 4943.852000 3178.717000 1223.832500 200.049000 180.027500 8.275000 
0.490000 32.602000 5083.463000 3209.115500 1229.965000 236.918500 184.317500 9.097500 
0.515000 34.017000 5125.279000 3246.079500 1234.175000 233.394500 184.525000 9.755000 
0.650000 34.202000 4997.688000 3132.103500 1232.497500 229.943000 189.397500 10.122500 
0.775000 35.496000 4973.770000 3152.715000 1233.237500 227.535000 189.547500 10.567500 
0.787500 34.486500 4949.978000 3086.853500 1228.910000 223.860500 190.965000 10.997500 
0.900000 33.937000 4716.635000 3017.863500 1225.625000 189.235000 189.297500 10.997500 
0.765000 32.249000 4731.748000 2933.660000 1225.845000 196.931000 185.860000 11.002500 
0.800000 30.442500 4692.287000 2937.572500 1226.010000 191.498000 184.007500 10.357500 
0.625000 28.618000 4759.434000 3093.910000 1210.797500 230.412000 180.682500 8.572500 
0.460000 30.082000 4780.172000 3029.540500 1212.942500 216.897000 180.017500 8.000000 
0.735000 31.164000 4696.960000 2994.595500 1213.132500 206.939500 175.195000 8.002500 
0.695000 28.957500 4616.226000 2919.860000 1201.690000 184.434500 167.942500 7.022500 
0.902500 28.378000 4735.063000 3020.642000 1217.760000 200.127000 170.387500 7.030000 
0.970000 29.589500 4830.513000 3045.272500 1215.417500 206.810000 177.232500 7.945000 
0.900000 28.199000 4728.087000 2989.176500 1208.405000 201.451000 181.390000 8.000000 
0.830000 26.676000 4898.139000 3098.237500 1205.462500 211.567500 185.720000 8.327500 
0.840000 27.070000 4792.900000 3112.923000 1207.317500 219.031000 188.142500 9.445000 
0.760000 23.802500 4342.462000 3026.709500 1192.837500 181.570000 164.492500 3.570000 
0.900000 23.488500 3935.848000 3106.375000 1188.200000 142.669000 134.890000 0.775000 
0.825000 22.386500 4062.130000 3135.018000 1192.790000 143.749500 138.277500 1.555000 
0.860000 24.848000 3938.528000 2984.896500 1188.655000 173.146500 129.270000 2.002500 
0.990000 25.580500 3893.275000 2883.349000 1201.560000 154.744000 133.097500 2.112500 
0.887500 24.206000 3908.934000 2844.524000 1187.887500 161.283000 132.615000 2.715000 
0.907500 25.393000 4057.361000 2893.814000 1179.812500 160.184000 132.320000 3.782500 
1.080000 25.083000 4181.167000 3121.587500 1149.840000 168.901500 138.582500 4.000000 
0.937500 26.615500 4242.012000 3019.130500 1150.107500 173.772500 140.507500 4.565000 
0.870000 28.160000 4490.144000 2938.486500 1149.855000 185.539000 153.622500 5.997500 
0.975000 27.123000 4504.146000 2880.132500 1150.120000 200.575000 160.150000 5.950000 
1.010000 26.966000 4484.501000 3109.774000 1149.880000 201.262000 157.860000 5.500000 
0.735000 27.503500 4557.568000 3254.634500 1150.122500 162.101500 151.427500 5.500000 
0.597500 25.570500 4507.505000 3202.901500 1149.992500 196.742000 150.197500 5.515000 
0.770000 25.061000 4655.710000 3154.211000 1150.032500 207.920500 154.502500 6.055000 
0.757500 28.723000 4803.352000 3290.758500 1150.007500 186.451000 160.472500 7.152500 
0.667500 30.027000 4931.245000 3304.546000 1150.237500 231.976000 160.670000 8.005000 
0.680000 28.642500 4923.779000 3108.837000 1149.950000 235.434000 168.202500 8.610000 
0.850000 27.554500 4895.399000 3084.325000 1150.305000 222.149000 172.707500 8.977500 
0.832500 27.472000 4838.709000 3125.284500 1149.812500 202.844000 174.242500 9.000000 
0.690000 30.299000 4946.360000 3266.096000 1150.330000 215.113500 170.175000 8.957500 
0.840000 22.261000 4016.735000 3068.562500 1149.870000 176.043000 85.900000 4.007500 
0.390000 24.714000 4108.701000 3277.934000 1150.117500 192.109500 88.232500 4.902500 
0.760000 30.735500 4330.835000 3248.037500 1157.312500 215.248000 99.532500 4.997500 
0.850000 27.557000 4419.253000 3207.093000 1170.102500 179.727000 125.792500 5.370000 
0.860000 28.098000 4575.803000 3210.733000 1169.877500 182.522500 144.810000 6.357500 
0.900000 25.461500 4745.870000 3087.801500 1169.955000 201.283000 162.160000 7.350000 
0.800000 25.368500 4773.357000 3185.521500 1170.012500 220.814500 164.797500 8.002500 
0.800000 26.511500 4779.407000 3212.943500 1169.970000 222.113000 167.442500 8.322500 
0.690000 30.177500 4909.922000 3282.920000 1172.600000 233.361000 175.627500 9.345000 
0.690000 30.878500 5020.550000 3315.823500 1178.420000 226.004500 182.565000 9.957500 
0.785000 29.517500 5016.523000 3289.262500 1179.397500 221.474500 184.347500 10.002500 
0.790000 30.251500 4853.462000 3149.167500 1160.340000 193.660000 184.422500 9.997500 
0.430000 30.179500 4995.022000 3252.471500 1152.270000 257.976500 184.417500 10.000000 
0.660000 31.648000 4949.697000 3154.863500 1150.150000 213.809000 184.392500 9.995000 
0.740000 30.244500 5021.658000 3248.222000 1149.910000 234.045500 184.317500 10.552500 
0.680000 34.590000 5141.644000 3293.632500 1160.280000 237.097000 184.297500 10.745000 
0.715000 31.841500 5159.243000 3318.526000 1160.397500 229.224000 184.195000 11.107500 
0.897500 31.900000 5199.432000 3371.275000 1150.212500 210.625500 183.837500 11.667500 
0.940000 26.931500 5124.565000 3290.006500 1147.212500 170.506000 182.980000 10.855000 
0.905000 30.036500 4943.391000 3331.658000 1149.912500 213.651500 178.220000 8.687500 
0.645000 30.424000 4915.642000 3359.802500 1150.102500 234.096500 174.580000 10.537500 
0.790000 32.131000 4883.006000 3240.814500 1150.225000 203.469500 181.652500 12.002500 
0.792500 32.588000 4948.994000 3357.221500 1149.910000 211.476000 184.322500 11.997500 
0.965000 32.564000 5130.149000 3247.108000 1149.890000 226.380000 184.335000 12.000000 
0.912500 30.654500 4925.636000 3040.921000 1148.547500 194.528500 184.327500 11.685000 
0.870000 29.149000 4906.858000 3170.998000 1149.857500 233.855500 184.347500 6.545000 
0.990000 29.485500 4988.286000 3195.346500 1149.985000 201.266000 184.320000 8.997500 
0.907500 32.240500 5062.584000 3284.858000 1150.435000 214.562500 184.315000 11.357500 
0.852500 35.958500 5101.713000 3220.028000 1149.910000 212.498500 184.322500 10.742500 
0.835000 29.848500 4885.354000 3186.293500 1150.007500 196.836500 184.342500 11.772500 
0.797500 31.314000 5061.875000 3201.643000 1150.137500 217.185500 184.317500 12.000000 
0.787500 31.647000 5067.228000 3096.486500 1149.985000 238.029000 183.910000 12.000000 
0.815000 32.407000 4803.474000 2965.715500 1145.820000 226.910500 182.022500 9.925000 
1.080000 30.675500 4809.000000 3067.740000 1138.622500 188.384000 182.495000 8.502500 
0.902500 27.893200 4941.928000 3175.945000 1139.825000 199.854000 184.347500 9.780000 
0.812500 25.111000 4906.421000 3173.838000 1140.987500 214.235000 184.365000 9.997500 
1.000000 22.328700 4894.470000 3122.515500 1143.752500 229.491500 184.360000 9.997500 
0.932500 19.546500 4826.271000 3063.178000 1145.112500 194.297500 184.375000 10.000000 
0.795000 16.764300 4784.965000 3062.547500 1144.837500 200.382000 184.397500 10.167500 
0.677500 13.982000 4993.630000 3211.485000 1146.012500 212.241000 184.385000 10.842500 
0.630000 31.908000 4972.853000 3096.558000 1149.877500 227.872500 184.332500 11.192500 
0.710000 29.972000 4885.771000 3051.410500 1148.820000 205.930000 186.637500 11.110000 
0.710000 31.156500 4686.837000 3028.714500 1149.802500 185.855500 180.260000 11.107500 
0.530000 30.432000 4792.713000 3339.667000 1150.257500 193.417500 170.597500 10.572500 
0.687500 32.828500 4853.536000 3242.452000 1149.865000 217.407500 154.347500 8.005000 
0.650000 30.714000 4721.657000 3074.761000 1150.135000 182.138000 167.395000 8.405000 
0.747500 30.872000 4832.849000 3206.383500 1149.955000 213.852000 173.137500 9.052500 
0.780000 29.567000 4951.596000 3140.133500 1150.125000 207.562000 183.377500 9.282500 
0.650000 29.874000 4982.729000 3176.447500 1149.910000 209.284500 184.392500 8.992500 
0.575000 30.647000 5008.773000 3218.179000 1150.192500 232.828000 184.390000 9.337500 
0.610000 30.656000 4910.389000 3179.684000 1151.637500 215.137000 184.367500 10.000000 
0.865000 31.345000 4913.270000 3066.761000 1159.852500 192.746000 185.777500 9.995000 
0.835000 27.600000 4941.239000 3153.466000 1160.165000 197.538000 187.307500 10.130000 
0.870000 27.063000 4943.711000 3232.522000 1160.182500 205.130000 188.445000 10.695000 
0.630000 26.505000 4836.205000 3011.283500 1154.297500 215.293500 189.095000 10.192500 
0.810000 27.585000 4923.433000 2966.382500 1150.252500 234.773000 182.785000 10.195000 
0.660000 27.858000 4909.163000 2948.252000 1149.837500 215.744000 182.567500 10.197500 
0.860000 27.905000 4924.806000 3027.829000 1150.227500 222.881500 182.695000 10.197500 
0.825000 28.094000 5103.625000 3012.511000 1149.825000 243.961500 183.542500 10.205000 
0.810000 26.784000 5065.428000 2961.563000 1150.047500 231.293000 184.402500 10.202500 
0.805000 28.281000 5050.934000 2965.316000 1150.037500 217.598500 184.357500 9.970000 
0.735000 26.379000 5062.992000 2995.063000 1150.155000 221.134000 184.385000 9.525000 
0.747500 27.732500 5101.172000 3066.790000 1149.952500 242.188000 186.922500 9.200000 
0.925000 23.283500 4990.431000 2952.117000 1150.070000 219.878000 186.680000 9.120000 
0.860000 26.019000 4998.883000 2974.499000 1150.032500 219.808500 185.365000 9.000000 
0.670000 24.988500 5032.051000 3045.217500 1150.312500 197.908500 185.237500 9.252500 
0.580000 2.506000 5134.219000 3051.764500 1151.945000 239.923500 186.112500 9.342500 
0.667500 15.088000 5087.891000 3084.899500 1174.495000 257.741500 180.835000 7.367500 
0.837500 27.818000 5017.514000 2973.975500 1162.600000 199.360000 184.360000 8.882500 
0.817500 22.191000 4813.950000 2879.601500 1116.607500 233.938000 184.357500 6.530000 
0.780000 23.169500 5038.727000 3065.919500 1130.952500 230.379500 184.475000 7.025000 
0.700000 26.614000 5099.175000 3054.531000 1140.007500 243.638500 186.102500 7.995000 
0.620000 24.843000 5074.840000 3095.001500 1142.007500 216.135500 186.427500 8.995000 
0.540000 28.194000 5082.243000 3031.052500 1150.237500 230.198500 189.277500 9.992500 
0.630000 24.791000 5043.535000 2973.659000 1149.832500 237.638500 189.362500 10.017500 
0.567500 27.568000 5085.645000 2980.098500 1150.195000 252.303000 189.330000 9.002500 
0.730000 27.053000 5053.260000 2970.755500 1149.820000 237.744500 189.425000 8.497500 
0.730000 26.104000 5000.896000 3072.816500 1150.277500 236.075500 187.200000 8.497500 
0.650000 26.255500 4965.984000 3195.665500 1150.012500 228.191500 177.672500 8.495000 
0.695000 26.175000 5105.736000 3204.655500 1149.937500 223.802500 177.407500 8.787500 
0.720000 22.821000 4912.759000 3296.878500 1150.350000 219.305000 147.932500 8.842500 
0.845000 21.203000 4119.686000 3153.674000 1149.902500 157.648500 105.830000 8.002500 
0.715000 19.690000 4142.518000 3155.597000 1150.120000 164.319500 109.857500 7.997500 
0.860000 19.657500 4212.596000 3057.065000 1146.722500 160.564000 120.420000 8.005000 
0.820000 19.659500 4348.870000 3280.448500 1148.422500 191.750000 116.762500 7.997500 
0.820000 22.641000 4238.365000 3132.755500 1150.187500 164.700500 114.415000 8.000000 
0.750000 22.699500 4049.549000 3052.816500 1149.815000 184.993500 114.317500 7.997500 
0.740000 18.982000 3985.300000 3019.608000 1150.232500 169.295500 114.355000 6.905000 
0.830000 19.840000 4028.782000 3045.943500 1149.952500 134.965000 112.967500 6.002500 
0.820000 17.602500 3873.996000 2950.611500 1151.152500 188.111000 96.145000 5.025000 
0.460000 14.184500 3721.263000 2922.363000 1150.162500 123.950500 77.710000 2.262500 
0.580000 19.003000 3665.888000 3018.383000 1142.665000 124.462000 86.112500 2.502500 
0.620000 23.859500 4272.157000 3383.455500 1149.990000 157.845500 107.807500 5.075000 
0.717500 23.082000 4325.845000 3236.747000 1150.122500 167.186000 116.925000 5.930000 
0.862500 20.289000 4499.496000 3240.498000 1144.100000 176.484500 127.505000 6.870000 
0.840000 19.441000 4590.508000 3277.328000 1144.017500 176.678000 137.745000 7.690000 
0.902500 18.927000 4693.646000 3286.577500 1147.120000 190.928500 147.172500 8.242500 
0.950000 18.678000 4695.414000 3273.678000 1147.530000 233.565500 152.757500 8.500000 
1.100000 19.267000 4506.452000 3056.973000 1139.990000 198.917000 149.705000 8.420000 
1.020000 18.724500 4486.904000 3028.065000 1138.685000 201.759000 152.162500 8.000000 
0.615000 19.364000 4686.185000 3338.245000 1150.105000 206.377000 154.255000 8.450000 
0.575000 19.414500 4713.783000 3334.869500 1150.230000 203.639500 154.262500 8.500000 
0.540000 21.169000 5017.233000 3517.195000 1149.990000 245.345500 154.280000 8.500000 
0.550000 23.701500 4839.450000 3423.772500 1150.142500 198.476000 151.677500 8.500000 
0.620000 21.800000 5029.626000 3234.099500 1150.075000 214.988000 158.827500 8.900000 
0.525000 23.476000 5141.703000 3332.698000 1150.100000 231.147000 164.320000 9.000000 
0.680000 24.714000 5147.961000 3289.921500 1150.012500 223.806000 164.347500 9.270000 
0.700000 21.649000 5181.640000 3209.490500 1150.132500 240.155500 166.075000 9.297500 
1.050000 22.015500 5082.888000 3179.977500 1149.912500 222.960000 169.305000 8.530000 
0.710000 21.056000 4992.934000 3267.688500 1150.097500 215.945500 169.340000 8.305000 
0.580000 22.297500 5186.047000 3334.153000 1149.967500 230.695500 173.702500 8.947500 
0.595000 22.229000 5191.025000 3351.505000 1150.127500 236.669000 174.285000 9.230000 
0.522500 23.575000 5214.517000 3287.031500 1149.982500 234.049500 178.312500 9.915000 
0.605000 23.453000 5113.558000 3209.262000 1150.207500 249.748500 179.387500 10.047500 
0.560000 26.103000 5110.155000 3216.173500 1149.915000 230.452000 179.382500 10.112500 
0.790000 21.719000 5129.233000 3211.554000 1150.235000 211.059500 179.387500 10.200000 
0.730000 22.614000 4997.417000 3109.603500 1150.070000 221.972500 179.442500 9.365000 
0.752500 21.554000 4964.207000 3165.870000 1149.952500 228.587500 179.387500 8.702500 
0.790000 21.003000 4929.921000 3104.888500 1149.965000 216.184500 179.362500 8.200000 
0.740000 20.816500 4897.939000 3106.732000 1150.170000 224.952500 179.442500 8.200000 
0.480000 22.071000 4984.035000 3204.750500 1150.080000 231.157000 179.372500 8.200000 
0.420000 23.386000 5104.943000 3362.699500 1150.080000 246.357500 179.387500 8.200000 
0.450000 23.837000 5158.691000 3323.540000 1150.095000 238.146500 179.425000 8.200000 
0.677500 23.057500 5119.405000 3260.094500 1149.987500 238.515000 179.405000 8.200000 
0.750000 22.779000 5051.400000 3313.642000 1149.957500 246.123500 179.420000 8.465000 
0.755000 21.865000 5023.353000 3315.766500 1150.177500 198.347000 179.447500 8.422500 
0.615000 22.059000 5027.270000 3354.495000 1149.962500 225.846000 179.417500 9.260000 
0.627500 21.690000 5074.653000 3289.038500 1150.075000 228.614000 179.395000 9.500000 
0.700000 21.464500 5051.637000 3200.725000 1149.797500 225.603000 179.450000 9.495000 
0.655000 20.918000 5063.324000 3183.032000 1150.137500 230.613000 179.435000 9.500000 
0.645000 20.133000 4932.936000 3035.160000 1139.827500 225.048000 179.385000 9.500000 
0.720000 20.620000 4922.478000 3076.649000 1139.935000 213.475000 179.397500 9.502500 
0.650000 19.591000 4944.314000 3126.890500 1144.970000 210.775500 179.340000 7.945000 
0.620000 20.953500 4953.180000 3208.942500 1148.837500 197.443500 178.092500 7.497500 
0.670000 20.542500 5041.550000 3243.083500 1149.947500 241.540000 179.387500 7.500000 
0.602500 21.258000 5066.689000 3248.587000 1150.325000 212.817500 179.382500 7.690000 
0.522500 20.734500 5076.183000 3233.114000 1149.857500 222.650000 180.710000 9.372500 
0.510000 21.144000 5153.235000 3226.669000 1150.102500 263.587500 184.217500 9.995000 
0.660000 22.964500 5033.529000 3115.279500 1149.947500 244.050500 184.325000 10.002500 
0.645000 21.251000 5056.598000 3292.805500 1150.392500 214.546500 184.347500 10.000000 
0.552500 20.631500 5212.529000 3426.376500 1149.920000 272.056500 183.570000 10.000000 
0.590000 24.859000 5287.708000 3371.818500 1150.165000 234.222500 182.492500 9.997500 
0.630000 22.018000 5223.549000 3302.089500 1150.322500 222.277500 184.340000 10.005000 
0.615000 21.970500 5183.089000 3266.518000 1149.735000 239.690000 184.340000 9.997500 
0.667500 21.931000 5188.204000 3293.214000 1150.205000 223.656000 184.400000 10.000000 
0.420000 21.224000 5143.814000 3253.299500 1150.070000 235.612500 184.365000 10.067500 
0.670000 21.935000 5130.791000 3246.576000 1149.925000 241.904000 184.310000 10.227500 
0.580000 23.698000 5106.936000 3153.451500 1150.095000 236.936000 184.300000 9.697500 
0.535000 22.319000 5151.084000 3261.305500 1149.985000 229.830500 184.325000 7.832500 
0.575000 22.874500 5202.719000 3315.407500 1149.910000 217.360000 184.435000 8.662500 
0.620000 22.847000 5198.327000 3346.903500 1150.222500 226.394500 184.350000 9.875000 
0.730000 21.653000 5261.926000 3370.396000 1149.977500 219.429500 185.890000 8.700000 
0.700000 21.784000 5269.244000 3299.290000 1150.015000 229.383500 187.832500 8.200000 
0.820000 20.557500 5070.076000 3172.089000 1149.785000 235.967000 185.127500 8.095000 
0.845000 21.066500 4780.352000 3121.002000 1150.125000 202.565000 175.332500 7.602500 
0.632500 23.685000 4852.788000 3243.628000 1150.452500 216.377500 173.210000 7.275000 
0.477500 24.404500 5099.365000 3362.190500 1150.027500 244.089000 179.392500 8.002500 
0.502500 23.803000 5131.551000 3364.634500 1150.200000 222.409000 179.440000 8.552500 
0.495000 26.221500 5206.253000 3340.899000 1149.925000 253.003500 183.067500 9.890000 
0.525000 26.124000 5190.894000 3311.777500 1149.972500 236.856000 184.375000 10.002500 
0.535000 24.409000 5194.383000 3330.234500 1150.075000 231.338000 184.387500 9.997500 
0.570000 23.150000 5189.222000 3337.849000 1150.075000 229.722500 184.392500 9.997500 
0.740000 25.512000 5198.840000 3297.990000 1150.045000 231.726500 184.362500 10.000000 
0.820000 25.225500 5155.991000 3269.259000 1150.055000 224.546500 184.330000 9.997500 
0.770000 24.272500 5145.513000 3342.340500 1150.245000 211.024500 184.332500 10.000000 
0.725000 23.895000 5156.386000 3330.875500 1150.232500 225.236000 183.652500 9.995000 
0.732500 22.885500 5205.325000 3312.320500 1150.045000 244.106000 184.360000 10.000000 
0.830000 23.562500 4981.431000 3105.248000 1150.120000 213.306500 184.110000 10.002500 
0.857500 21.082500 4821.950000 3069.269000 1149.935000 215.536000 178.610000 9.585000 
0.795000 21.235500 4840.788000 3079.845500 1150.155000 198.863000 179.432500 9.000000 
0.635000 21.410000 4870.950000 3127.606000 1149.935000 220.091500 179.435000 9.122500 
0.665000 21.610500 4959.874000 3124.907500 1150.110000 232.846500 179.407500 9.347500 
0.685000 21.934000 4873.086000 3074.917000 1150.012500 215.554500 177.360000 9.000000 
0.727500 20.859000 4790.063000 3081.215000 1150.320000 229.710000 170.875000 7.515000 
0.775000 21.465000 4848.235000 3064.816000 1149.672500 207.439000 171.787500 6.997500 
0.670000 20.838000 4888.816000 3046.656500 1150.425000 224.952500 175.165000 6.990000 
0.650000 21.544000 4807.461000 3207.486500 1152.035000 194.151500 175.380000 7.287500 
0.650000 21.543000 4883.920000 3313.377500 1155.522500 216.590500 175.392500 7.960000 
0.597500 22.362500 4948.895000 3121.119500 1150.017500 216.946000 178.780000 8.592500 
0.685000 20.192500 4803.699000 3092.690500 1143.235000 195.419000 176.150000 8.475000 
0.520000 20.079000 4834.626000 3329.006000 1147.560000 199.095500 169.967500 8.997500 
0.857500 20.353000 4816.684000 3243.568000 1148.735000 199.781500 169.292500 9.002500 
0.600000 21.616500 4900.645000 3214.350000 1149.995000 226.053500 169.512500 8.997500 
0.570000 22.031500 4896.340000 3214.334000 1150.162500 221.837000 172.567500 9.002500 
0.540000 22.084500 4893.380000 3159.426000 1149.977500 206.823500 174.310000 8.997500 
0.547500 21.970000 4857.488000 3185.311000 1150.077500 221.369500 174.252500 8.997500 
0.547500 22.238000 5067.645000 3260.988000 1150.005000 233.000500 177.727500 9.000000 
0.570000 22.482000 5040.181000 3199.212000 1150.182500 245.522500 180.130000 9.000000 
0.715000 22.186000 5086.334000 3244.298500 1150.027500 251.256000 181.952500 9.240000 
0.680000 20.979500 5107.305000 3228.112000 1150.037500 227.828000 185.150000 9.655000 
0.570000 22.254000 5169.409000 3301.655000 1150.420000 252.474500 187.327500 10.102500 
0.545000 25.114000 5213.687000 3345.788000 1153.692500 229.888500 189.380000 10.212500 
0.705000 24.992500 5241.255000 3377.296500 1158.120000 241.266000 189.440000 10.350000 
0.630000 24.893500 5225.381000 3315.598500 1159.902500 254.340000 189.387500 10.205000 
0.660000 24.742500 5180.009000 3294.524500 1159.965000 236.601500 189.400000 10.192500 
0.585000 25.224000 5140.679000 3291.413500 1162.602500 244.571000 189.377500 10.200000 
0.540000 25.491000 5212.609000 3265.731000 1169.090000 258.685500 189.337500 10.200000 
0.432500 26.766000 5155.744000 3344.200000 1174.822500 236.346000 189.365000 10.195000 
0.420000 27.183000 5203.576000 3376.750500 1180.077500 242.149500 189.357500 10.202500 
0.715000 27.024500 5263.544000 3362.070500 1180.110000 228.058000 189.347500 10.197500 
0.820000 26.021000 5166.982000 3330.520000 1179.550000 224.856500 189.370000 10.202500 
0.810000 25.543500 5166.552000 3457.825000 1184.815000 224.300000 189.342500 10.205000 
0.882500 26.036000 5170.298000 3331.170000 1189.142500 217.946500 188.527500 8.287500 
0.890000 13.921000 5052.871000 3224.771500 1190.157500 237.374500 184.405000 7.032500 
0.520000 29.927870 5137.408000 3329.591500 1189.902500 237.554000 186.917500 8.972500 
0.460000 31.515488 5267.031000 3400.551000 1190.075000 249.861000 189.357500 7.502500 
0.745000 12.704217 5258.993000 3337.018000 1189.922500 235.136000 189.425000 8.812500 
0.740000 12.111241 5239.228000 3356.267500 1190.060000 227.988000 189.342500 9.900000 
0.680000 13.108220 5259.605000 3375.207000 1189.765000 258.786000 189.332500 10.077500 
0.500000 36.639713 5137.352000 3203.923000 1190.155000 219.849500 189.402500 9.995000 
0.530000 30.334641 5148.220000 3414.481000 1189.695000 255.092000 189.407500 10.002500 
0.510000 31.083702 5160.886000 3431.615500 1189.902500 230.530000 189.387500 10.180000 
0.475000 30.863930 5172.785000 3487.044000 1190.080000 226.724000 187.802500 10.225000 
0.442500 28.384463 4839.479000 3493.300000 1190.050000 215.413500 164.677500 10.222500 
0.465000 31.870530 5069.523000 3320.048500 1192.290000 240.269500 178.525000 10.222500 
0.615000 36.567771 5175.737000 3293.232500 1198.760000 228.570500 187.302500 10.222500 
0.700000 28.939241 4001.273000 3114.060000 1182.557500 137.318000 108.565000 3.520000 
0.572500 8.814342 4210.954000 3047.097500 1192.512500 156.104500 122.175000 2.640000 
0.610000 8.756988 4653.342000 3095.702500 1179.990000 192.464500 159.335000 6.000000 
0.570000 14.804000 4810.062000 3205.516000 1179.997500 203.975500 158.520000 6.290000 
0.680000 29.055000 4924.205000 3231.680000 1180.162500 204.014000 162.450000 7.580000 
0.785000 26.675500 4934.416000 3194.902500 1177.592500 210.152500 171.142500 8.052500 
0.745000 26.711000 4896.235000 3065.132000 1170.932500 242.355000 178.480000 8.585000 
0.555000 25.167000 4838.422000 3159.706000 1163.865000 199.450500 181.820000 8.292500 
0.560000 27.184000 4888.251000 3489.606500 1182.627500 205.854000 169.752500 9.222500 
0.660000 27.470000 4785.658000 3259.786500 1187.357500 204.602500 149.285000 8.000000 
0.750000 27.341000 4877.648000 3125.910500 1184.555000 202.845500 171.770000 8.002500 
0.787500 24.785000 4905.420000 3107.988000 1182.375000 227.472500 183.850000 8.012500 
0.617500 27.189000 4867.587000 3217.045000 1179.907500 213.907500 184.370000 8.402500 
0.597500 25.450000 5022.696000 3278.198500 1179.905000 237.570500 186.267500 9.500000 
0.510000 25.612500 5151.351000 3224.988000 1179.970000 236.798500 189.395000 9.997500 
0.445000 26.199000 4995.629000 3161.890500 1179.887500 255.623000 189.370000 10.000000 
0.465000 29.051000 4976.477000 3156.185000 1180.220000 229.101500 189.317500 10.000000 
0.502500 28.968500 4996.992000 3325.472500 1180.197500 256.860000 189.287500 10.000000 
0.695000 31.641000 5032.269000 3371.278000 1179.920000 244.733000 189.377500 9.995000 
0.740000 27.000500 4933.433000 3274.796500 1180.197500 197.182500 189.435000 10.127500 
0.585000 26.613000 4974.834000 3272.852500 1179.775000 236.435500 189.397500 9.995000 
0.420000 27.065000 5028.428000 3330.889500 1179.810000 239.308000 189.340000 9.410000 
0.410000 28.394000 5118.522000 3478.208000 1180.317500 242.111000 186.885000 9.462500 
0.582500 27.709500 5149.160000 3349.568000 1180.067500 239.454000 187.377500 9.495000 
0.467500 27.181500 5136.358000 3202.998500 1179.902500 246.280500 188.325000 9.500000 
0.530000 28.845000 5138.620000 3308.814000 1180.007500 246.279000 189.420000 9.140000 
0.415000 29.541000 5227.243000 3381.824500 1180.017500 242.500000 189.370000 9.017500 
0.435000 29.080000 5210.788000 3314.709500 1179.620000 243.104500 189.387500 9.995000 
0.535000 27.546500 5227.079000 3296.379000 1180.020000 241.379500 189.370000 9.995000 
0.620000 29.044500 5131.716000 3175.030000 1179.862500 208.134000 189.375000 10.005000 
0.662500 26.742500 4884.562000 3168.156000 1180.320000 201.038500 189.405000 10.000000 
