0.277500 10.850388 5256.900000 3235.934865 1219.000000 225.827213 199.468595 9.995196 
0.350000 38.693416 5152.300000 3211.657687 1219.500000 207.473452 199.605451 10.002339 
0.607500 9.820528 5333.600000 3309.401920 1220.250000 223.516816 199.587466 10.001173 
0.525000 18.457947 5138.900000 3071.459139 1211.500000 209.807779 199.448871 9.999880 
0.607500 40.673897 5167.100000 3186.225573 1201.000000 219.101013 199.433094 10.116010 
0.540000 19.286290 5224.500000 3151.981062 1214.000000 244.071189 198.079477 10.204324 
0.590000 18.369403 5189.800000 3144.470124 1214.000000 234.237436 199.492348 10.196201 
0.642500 17.055511 5104.600000 3117.050810 1221.750000 263.450198 199.539078 10.197345 
0.665000 40.464221 5182.700000 3199.386950 1214.000000 212.526873 199.554672 10.199578 
0.500000 9.334110 5283.500000 3214.935153 1228.250000 261.028203 199.629821 10.200935 
0.425000 39.846297 5218.000000 3208.244774 1215.000000 246.853545 199.583633 10.475526 
0.600000 19.375811 5108.100000 3141.003179 1198.750000 231.337505 199.579541 10.265205 
0.665000 37.765439 5004.700000 3230.606069 1180.000000 207.222464 198.669765 10.591237 
0.770000 37.214622 5243.100000 3358.510913 1191.000000 226.711017 194.647035 12.023205 
0.620000 35.528798 5348.600000 3325.323124 1180.500000 260.585113 199.131602 11.942620 
0.565000 39.217119 5202.000000 3161.659821 1198.250000 225.228852 199.610940 12.088391 
0.640000 34.806409 5265.200000 3281.673403 1202.750000 234.754068 199.632095 12.042133 
0.590000 34.750713 5364.700000 3380.940335 1204.750000 246.331732 199.610752 12.073594 
0.390000 33.230811 5244.100000 3302.529696 1204.500000 240.215171 199.577084 12.206135 
0.400000 40.680949 5228.400000 3220.901939 1210.500000 242.548841 199.570397 12.384544 
0.475000 32.173674 5291.800000 3176.070923 1209.000000 229.829554 199.602939 12.259728 
0.507500 9.058604 5284.600000 3309.287297 1220.250000 241.822933 199.664786 11.789194 
0.502500 34.439499 5518.800000 3440.892456 1218.250000 294.445096 199.612735 12.245039 
0.395000 32.029584 5460.200000 3258.784012 1214.750000 241.822961 199.565870 12.214301 
0.377500 32.416673 5450.500000 3350.147476 1205.750000 253.587985 199.545664 12.291335 
0.412500 8.608296 5524.700000 3414.722212 1219.500000 248.294923 199.599407 12.273720 
0.425000 32.596165 5455.400000 3382.581070 1210.500000 259.615333 199.597852 12.117252 
0.465000 33.811377 5490.400000 3489.548863 1215.500000 256.045863 199.360351 12.052060 
0.392500 32.816564 5546.100000 3442.470836 1212.250000 254.678735 199.586277 12.197087 
0.485000 8.596443 5473.600000 3404.596300 1223.000000 256.660166 199.587759 12.579765 
0.405000 32.045822 5576.600000 3523.449097 1211.500000 262.562840 199.582681 12.169865 
0.375000 10.240357 5576.100000 3470.582559 1228.750000 258.429707 199.451874 11.991217 
0.427500 33.335289 5488.800000 3377.226147 1215.750000 239.360275 199.394447 11.996005 
0.437500 37.795444 5229.300000 3230.770808 1227.250000 211.415910 199.577519 12.359852 
0.635000 33.397983 5331.000000 3356.938993 1204.750000 237.292614 199.594980 12.447179 
0.682500 33.255948 5389.300000 3312.421735 1206.500000 224.657557 199.568427 12.265805 
0.742500 34.538664 5412.500000 3363.391545 1208.500000 241.120059 199.627303 12.335872 
0.775000 33.575457 5355.900000 3345.029322 1218.250000 225.412868 199.654240 12.015334 
0.815000 35.607942 5179.000000 3170.599242 1216.000000 228.660475 199.528290 11.949271 
0.737500 16.016412 5059.500000 3135.970227 1212.750000 206.848590 199.473546 12.362521 
0.760000 40.514355 5206.700000 3194.250549 1197.750000 223.045975 199.527047 12.140289 
0.802500 8.058919 5341.000000 3367.729507 1222.250000 258.110915 199.489060 11.629691 
0.577500 34.043831 5296.700000 3156.163542 1205.500000 228.641811 199.510562 11.191714 
0.652500 30.138443 5090.000000 3294.876417 1201.750000 245.030894 199.525094 11.333693 
0.565000 34.495388 5439.700000 3408.633590 1209.250000 261.388971 199.473942 11.417446 
0.455000 9.508439 5374.100000 3261.487167 1226.500000 259.596611 199.237819 11.567051 
0.350000 34.128414 5368.100000 3320.945819 1202.250000 259.626092 199.386045 12.220124 
0.395000 33.286677 5350.100000 3283.146646 1217.000000 266.259127 199.216335 11.996004 
0.265000 8.913852 5367.500000 3378.749647 1227.500000 247.000299 199.617650 10.379445 
0.245000 32.568961 5496.400000 3558.217838 1225.250000 261.294531 196.925937 9.893589 
0.250000 32.580293 5413.500000 3580.209032 1216.500000 261.287092 199.426675 12.136121 
0.157500 34.046670 5479.200000 3538.321053 1223.750000 257.225761 199.408088 12.149736 
0.402500 8.908293 5547.900000 3461.267626 1219.250000 257.209226 199.486100 11.976096 
0.170000 9.625022 5391.900000 3208.947950 1228.000000 241.472550 199.406958 12.081188 
0.410000 32.452619 5456.200000 3455.052990 1215.750000 231.741779 199.401876 12.360307 
0.270000 10.093695 5473.000000 3285.225822 1221.750000 260.869280 199.456453 11.798803 
0.307500 9.135119 5291.800000 3245.670547 1219.750000 248.085638 199.499441 11.900914 
0.275000 10.580035 5273.100000 3182.703573 1220.500000 240.471746 199.509545 11.556824 
0.290000 16.560965 5082.400000 3099.248159 1218.250000 210.434410 199.506450 12.591718 
0.260000 39.780689 5040.100000 3103.640605 1229.500000 214.909291 199.439082 12.256491 
0.322500 36.489657 5093.400000 3196.970186 1220.000000 220.924312 199.532851 12.209160 
0.405000 40.699308 5137.000000 3190.772683 1227.500000 234.623952 199.479764 12.207145 
0.475000 16.464887 5075.800000 3147.217370 1224.750000 217.404323 199.511475 12.117187 
0.552500 15.934731 4940.000000 3051.168411 1226.000000 200.753016 199.536501 12.105234 
0.685000 16.453923 4970.900000 3020.784365 1213.250000 218.754594 199.521121 12.213395 
0.730000 12.980683 4853.400000 2948.856174 1184.250000 210.988730 193.640874 9.681401 
0.767500 15.025912 4964.200000 2997.829188 1200.250000 210.927883 199.275869 11.683991 
0.875000 14.869178 4947.300000 3015.045318 1199.250000 210.514328 199.354504 10.062455 
0.875000 12.023581 5066.600000 3148.304127 1209.750000 226.548720 199.463590 11.813042 
0.720000 33.602237 4595.500000 3369.808496 1202.500000 177.218102 126.354007 8.069252 
0.602500 10.181340 4551.400000 3191.564980 1204.500000 196.510877 154.853584 5.976941 
0.585000 1.983750 5236.600000 3158.043857 1218.500000 233.491816 199.512532 11.445838 
0.560000 16.732700 5122.100000 3213.879939 1223.250000 229.884442 199.570043 12.279183 
0.582500 5.592000 5189.400000 3145.192251 1213.000000 262.643990 199.442675 12.424488 
0.500000 6.395100 5109.900000 3054.596272 1214.000000 232.995698 199.517327 12.134923 
0.570000 7.198200 4931.800000 2998.518584 1214.250000 212.733501 199.463692 11.899034 
0.760000 8.001300 4602.400000 2927.709951 1199.000000 193.059231 184.699968 8.337597 
0.870000 8.804400 4896.200000 3105.019642 1219.750000 226.765787 199.603721 12.479038 
0.590000 9.607600 5269.700000 3345.660045 1221.750000 249.823858 199.583794 13.890286 
0.460000 10.410700 5334.400000 3267.863337 1218.500000 250.190380 199.591116 13.638501 
0.392500 11.213800 5365.700000 3340.467177 1226.750000 277.043285 199.616392 13.476858 
0.550000 12.016900 5349.400000 3278.329343 1231.000000 249.090259 199.502814 13.151807 
0.535000 12.820000 5267.800000 3175.857031 1236.500000 262.970389 199.425127 13.411327 
0.425000 13.623100 5341.300000 3317.930928 1222.000000 244.704003 199.398367 14.141163 
0.500000 14.426200 5442.100000 3329.273794 1218.500000 242.266221 199.415527 14.079490 
0.500000 15.229300 5374.700000 3261.545219 1219.000000 231.272831 199.461151 14.198054 
0.492500 16.032450 5124.100000 3007.499329 1220.000000 229.071745 199.517706 14.086687 
0.617500 17.623750 5016.500000 3213.947355 1215.000000 214.011577 199.447122 13.149999 
0.820000 17.651750 5172.200000 3103.751906 1214.250000 262.393862 199.521265 13.393961 
0.710000 14.701050 4935.100000 2996.048604 1200.250000 196.611831 199.182467 11.546883 
0.750000 13.351900 4880.200000 3081.300384 1179.000000 212.394143 198.777433 9.718568 
0.780000 18.849700 4951.800000 3337.525899 1203.500000 223.176500 158.882437 10.588819 
0.570000 18.069250 5121.100000 3205.671712 1213.500000 242.262924 159.302886 10.191974 
0.480000 18.270950 5190.300000 3199.923603 1221.500000 241.641687 192.030269 11.293096 
0.510000 18.183900 5036.300000 3096.460776 1208.250000 208.277218 199.537669 12.290527 
0.615000 17.677800 5044.700000 3246.104197 1205.750000 209.239745 199.546555 13.603851 
0.515000 18.752450 5230.800000 3230.804849 1208.000000 246.291816 199.499535 14.061863 
0.445000 18.782950 5158.400000 3174.566401 1211.750000 247.757446 199.656317 14.202500 
0.390000 18.824500 5080.800000 3157.316614 1210.000000 212.001584 199.568338 13.767464 
0.445000 16.069200 5167.900000 3154.849368 1204.750000 232.388529 199.584109 10.401337 
0.532500 17.830550 5243.000000 3187.591137 1198.500000 189.291315 199.551221 9.592457 
0.500000 16.987100 5175.500000 3035.236723 1193.000000 239.041097 199.543942 9.433127 
0.565000 16.974450 5039.600000 3091.746607 1196.250000 230.654194 197.056004 9.844430 
0.460000 17.051500 4991.200000 3062.968897 1207.750000 217.708791 189.939276 11.398704 
0.485000 17.321550 5092.600000 3214.603748 1208.500000 231.353671 198.508376 12.349922 
0.402500 18.203150 5076.800000 3148.159844 1207.750000 261.016263 197.452707 13.399429 
0.500000 6.159000 4938.900000 3063.373468 1216.500000 209.896127 196.996977 13.699491 
0.470000 18.276500 5055.500000 3238.288365 1213.250000 214.350336 194.265144 14.432632 
0.470000 18.243000 5138.000000 3313.191677 1216.500000 249.708735 168.101903 14.383576 
0.470000 19.225650 5152.300000 3197.501498 1213.750000 268.185449 174.148914 14.647231 
0.440000 19.178950 5196.500000 3274.288763 1214.500000 231.386120 192.041104 14.653742 
0.425000 19.317000 5209.800000 3390.812469 1212.500000 230.734189 188.608178 13.916128 
0.500000 19.054250 5298.500000 3280.523893 1197.750000 247.164933 192.784672 14.304623 
0.462500 18.795200 5221.300000 3181.925471 1210.500000 249.191851 189.263437 13.608512 
0.475000 18.730400 5036.000000 3184.619585 1200.750000 215.514605 177.443290 12.028615 
0.445000 18.536700 5127.300000 3264.472150 1207.750000 228.438635 171.023744 11.806571 
0.440000 18.433900 5019.900000 3190.233598 1204.000000 218.487016 167.558302 11.752963 
0.415000 19.699500 4922.600000 3343.532337 1212.250000 216.208905 156.832364 11.531423 
0.457500 19.428400 4877.700000 3358.139955 1207.000000 199.691997 149.596858 11.318487 
0.360000 20.406600 4937.400000 3456.476190 1212.750000 203.480282 149.590085 10.677153 
0.380000 20.526950 5021.600000 3438.248246 1221.000000 213.274501 149.689651 11.722029 
0.420000 1.949900 4918.200000 3327.746733 1231.000000 180.001082 149.621165 11.723394 
0.485000 12.260250 4777.900000 3163.082983 1224.500000 198.038688 149.722986 12.021320 
0.490000 19.904350 4735.600000 3075.921925 1231.250000 177.853474 154.578005 11.922305 
0.782500 14.904250 4758.000000 3063.552980 1221.000000 197.140106 157.909176 11.900321 
0.880000 15.839700 4662.600000 2939.239074 1219.250000 164.433321 161.993991 9.689597 
0.850000 17.524650 4717.800000 3048.875510 1206.500000 171.089487 164.567464 8.346343 
0.875000 16.891350 4653.200000 2896.530813 1209.000000 165.056154 164.679852 8.133596 
0.970000 13.341800 4645.800000 2852.759458 1180.000000 165.110743 159.864043 7.568953 
0.985000 12.958850 4679.300000 2907.030847 1191.250000 181.710441 160.198495 7.562013 
0.960000 12.393050 4752.600000 2997.797282 1179.000000 198.169363 164.065474 8.753659 
0.865000 11.016200 4734.800000 2928.982181 1178.750000 177.682804 168.876635 8.695907 
0.845000 11.969800 4915.500000 3157.266237 1180.250000 214.275400 167.086609 8.701942 
0.770000 14.136000 4980.100000 3052.828718 1196.250000 226.150241 176.852006 9.409251 
0.687500 14.879500 5020.100000 3135.948716 1195.000000 224.886256 185.605321 9.440027 
0.550000 15.342600 5115.700000 3229.109092 1201.250000 231.390431 185.226243 10.609556 
0.507500 14.032050 5161.500000 3143.633728 1203.000000 211.395106 198.258836 10.193454 
0.630000 13.767050 5008.600000 3076.671099 1202.250000 224.452242 199.459344 11.209119 
0.672500 11.082850 4590.000000 2760.220590 1196.000000 181.832764 188.519368 6.334252 
1.010000 13.342400 4631.000000 3090.283361 1175.750000 214.391152 158.231835 5.658158 
0.782500 13.099500 4908.300000 3030.124910 1195.500000 211.252986 177.326685 7.091560 
0.535000 13.970550 5129.400000 3181.783097 1197.500000 227.651233 194.691796 9.828087 
0.405000 14.843500 5176.000000 3314.325351 1206.250000 240.796601 197.558860 12.123624 
0.467500 15.716400 5168.800000 3242.925082 1199.500000 227.590526 198.355185 12.293859 
0.372500 16.589400 5135.500000 3228.430493 1205.250000 244.010985 199.528848 12.336639 
0.407500 22.717650 5173.600000 3219.474458 1203.250000 221.404602 199.440549 12.196554 
0.647500 4.810000 5193.500000 3225.808794 1212.000000 244.307209 199.577006 12.068747 
0.595000 7.035200 5187.600000 3112.949757 1211.000000 194.997930 199.512993 11.913477 
0.620000 9.260400 4927.400000 3106.705048 1195.250000 217.730556 199.491524 10.663401 
0.875000 11.485500 5063.900000 3128.811598 1204.750000 227.419308 199.453319 11.361798 
0.650000 13.710700 5028.000000 3062.624512 1210.000000 224.334828 199.589079 11.812177 
0.665000 15.935900 5016.200000 3134.152856 1200.750000 211.356765 199.479585 11.577701 
0.570000 15.143500 5099.500000 3094.896882 1204.750000 247.156323 199.477044 13.312057 
0.615000 15.418600 4921.300000 3066.530242 1196.750000 224.234003 199.546299 13.818439 
0.705000 15.506050 5058.100000 3145.446954 1199.250000 227.720665 199.491705 14.169267 
0.585000 16.848450 5182.800000 3214.539791 1199.500000 244.076569 199.556547 14.276703 
0.710000 17.818500 5170.100000 3102.375533 1202.500000 240.070805 199.618286 14.271650 
0.660000 16.525750 4952.400000 3105.287892 1186.750000 207.966749 199.515502 14.156541 
0.710000 17.028750 5085.100000 3157.667904 1187.750000 214.302114 199.429651 14.143793 
0.640000 17.041100 5007.000000 3142.439974 1196.250000 240.595379 199.486495 12.379931 
0.555000 16.102850 5043.200000 3103.510456 1197.750000 207.927809 199.471726 7.426080 
0.590000 15.542850 5023.700000 3088.112645 1195.000000 223.634927 199.580846 8.706673 
0.750000 17.827850 5102.900000 3212.001820 1191.750000 202.577191 199.614129 9.034611 
0.692500 15.901050 5131.100000 3132.892383 1200.250000 214.194368 199.594456 9.005155 
0.702500 15.177000 4921.900000 3028.145880 1203.750000 214.440999 193.943079 8.956350 
0.880000 16.795000 4361.400000 2924.324952 1150.250000 168.408021 154.098404 3.471627 
0.860000 14.723250 4510.400000 2816.409236 1156.250000 186.835581 162.131682 3.401848 
0.810000 12.163000 4413.800000 2770.278466 1169.500000 165.459051 157.005729 3.124599 
0.970000 10.097850 4303.900000 2786.092198 1175.500000 168.755782 148.623959 2.614614 
1.060000 7.923000 4069.700000 2783.101131 1169.750000 178.271570 142.191124 1.413273 
0.702500 9.899950 4618.000000 2875.477779 1166.750000 184.462109 159.707390 1.222690 
0.660000 13.218700 4861.900000 2974.463977 1173.750000 214.619242 175.218786 2.092551 
0.540000 13.308000 4869.400000 2987.873423 1191.250000 216.401393 191.364062 4.915750 
0.492500 13.562350 4939.800000 3067.289668 1197.500000 235.355570 195.079333 7.850743 
0.375000 14.670200 5027.000000 3024.479005 1195.750000 251.145409 199.418352 9.847577 
0.497500 14.764000 4798.200000 2972.821139 1194.250000 223.502140 199.474342 9.794195 
0.647500 14.386750 4721.900000 2897.775362 1191.750000 217.122769 198.558207 8.414518 
0.630000 12.988050 4719.100000 2971.131717 1183.500000 220.174233 196.433887 7.016436 
0.642500 13.446000 4807.400000 3009.132213 1184.250000 220.028800 196.085037 4.813614 
0.760000 13.860000 4873.400000 2903.006204 1184.500000 235.582636 198.112978 5.535246 
0.482500 13.786100 4565.100000 2930.473371 1185.000000 216.716376 192.354193 6.444995 
0.620000 9.290300 4021.700000 2710.307175 1179.500000 147.508090 84.014593 6.711607 
0.605000 9.507600 4682.000000 3059.715478 1181.250000 232.324497 131.725053 6.787680 
0.450000 13.935300 4958.800000 3013.595076 1184.750000 248.125701 182.982344 11.432448 
0.440000 16.365250 5027.300000 3224.177985 1207.250000 244.954389 191.925981 12.600423 
0.405000 18.499500 5248.900000 3274.293879 1214.250000 251.903435 199.550176 10.428812 
0.345000 18.556500 5218.200000 3286.579827 1216.000000 251.902940 199.666606 10.037916 
0.322500 18.818000 5184.000000 3151.944078 1212.500000 253.420929 199.509826 9.900632 
0.412500 18.655950 5100.900000 3095.464980 1208.500000 253.147693 199.546042 12.656077 
0.410000 18.510700 4970.000000 3117.863610 1213.500000 237.314072 199.490632 13.759072 
0.630000 18.997050 5056.700000 3175.383019 1203.000000 237.596893 199.592962 13.664189 
0.615000 18.248800 5110.300000 3138.031867 1215.500000 237.173230 199.497901 13.573526 
0.510000 18.736750 5125.800000 3141.402892 1209.750000 258.134255 199.538035 13.530035 
0.500000 18.935150 5120.200000 3098.850866 1212.750000 261.471721 199.669269 13.541225 
0.665000 20.494250 5082.600000 3123.260296 1213.250000 241.863934 199.617512 13.792206 
0.960000 19.317950 4861.100000 2747.238237 1202.750000 228.055903 199.681389 13.981559 
0.870000 17.307300 4662.900000 2734.876895 1203.250000 212.089320 196.561752 13.472507 
0.890000 16.331950 4581.200000 2894.627998 1212.750000 206.701915 190.138436 11.857649 
0.837500 16.516850 4882.500000 3003.247722 1209.250000 277.106743 198.180581 13.705405 
0.660000 17.156350 4809.300000 2871.890960 1222.000000 229.145908 198.606979 12.590233 
