0.705000 25.622000 5051.334000 3275.158500 1179.777500 226.681500 189.380000 10.002500 
0.710000 26.066500 5013.746000 3163.656000 1179.912500 225.521000 188.132500 10.000000 
0.777500 24.989500 4785.956000 3046.474000 1180.445000 209.080000 179.697500 7.772500 
0.872500 23.292000 4693.890000 2930.519500 1170.640000 197.068000 174.890000 6.797500 
0.550000 21.041000 4238.543000 2714.917000 1157.452500 213.712000 173.067500 6.060000 
0.677500 21.737500 4764.883000 3046.026500 1154.255000 222.121500 177.475000 6.757500 
0.645000 24.963000 4788.227000 3054.994500 1165.440000 207.107500 181.022500 7.625000 
0.635000 26.192000 4820.425000 3043.444500 1177.835000 213.326500 183.582500 7.992500 
0.715000 24.183000 4951.998000 3112.965000 1175.775000 216.253500 186.330000 8.000000 
0.672500 23.731000 4912.217000 3053.930500 1171.552500 223.324500 187.317500 8.000000 
0.810000 23.640500 4927.787000 3013.946000 1170.420000 233.588500 187.375000 8.000000 
0.820000 22.294000 4878.963000 3089.558500 1170.362500 221.280500 187.292500 8.000000 
0.710000 23.198500 4923.792000 3277.466000 1172.925000 221.859000 186.652500 8.000000 
0.805000 24.103000 4933.281000 3186.302500 1179.930000 222.317500 185.645000 7.997500 
0.652500 26.516000 5001.415000 3221.396500 1180.050000 226.249500 186.835000 8.232500 
0.650000 26.641000 5103.725000 3279.256500 1180.047500 246.475000 189.265000 9.337500 
0.660000 25.519500 5070.033000 3229.929500 1179.807500 246.413000 189.315000 9.362500 
0.715000 25.388500 5013.215000 3157.498000 1179.782500 220.220000 189.400000 9.580000 
0.732500 25.592000 5017.950000 3294.270500 1180.202500 243.876500 189.335000 9.605000 
0.585000 27.202000 5082.268000 3346.573000 1179.967500 214.830000 189.400000 9.865000 
0.577500 25.470000 5106.028000 3346.242000 1180.027500 263.590000 189.375000 10.007500 
0.750000 25.838000 5104.075000 3146.680000 1180.027500 284.330000 189.320000 9.997500 
0.630000 23.802500 4995.695000 3102.088500 1179.637500 258.320000 189.327500 10.002500 
0.577500 27.526000 4988.548000 3231.214500 1179.827500 275.782000 189.402500 10.002500 
0.577500 29.176000 4996.777000 3161.787500 1180.060000 221.369000 189.350000 10.000000 
0.482500 28.581000 5059.582000 3299.684000 1179.885000 242.915000 189.417500 9.987500 
0.570000 28.999500 5198.932000 3247.608500 1180.100000 242.206500 189.375000 10.000000 
0.642500 28.836500 5179.089000 3369.028000 1179.960000 266.900500 189.440000 10.002500 
0.540000 28.770000 5174.626000 3422.868500 1186.890000 244.135500 181.495000 10.002500 
0.615000 7.644000 4928.026000 3572.769000 1203.350000 218.952000 160.782500 1.772500 
0.460000 17.200000 4885.501000 3723.052500 1204.385000 176.942000 143.565000 2.862500 
0.580000 19.227500 4886.946000 3603.695500 1204.367500 218.395000 139.972500 4.542500 
0.752500 20.547000 5160.902000 3308.467000 1205.580000 222.529500 171.080000 7.425000 
0.910000 30.464500 5052.920000 3261.049500 1189.505000 218.723000 184.335000 8.260000 
0.600000 28.344000 5094.852000 3304.278000 1180.100000 241.316000 186.612500 9.002500 
0.660000 27.631000 5148.736000 3392.655000 1181.015000 241.825000 187.300000 9.585000 
0.610000 29.808000 5185.312000 3377.357000 1181.757500 232.710500 187.302500 10.500000 
0.520000 31.515000 5213.850000 3469.530500 1179.927500 239.387500 187.365000 10.500000 
0.600000 30.803500 5209.301000 3422.176500 1180.245000 250.202500 188.775000 10.497500 
0.780000 30.095000 5188.462000 3300.018500 1179.817500 239.400500 189.087500 10.510000 
0.772500 28.910000 5099.136000 3172.627000 1174.570000 230.775500 189.357500 10.052500 
0.727500 30.066500 5120.190000 3276.727000 1177.937500 224.409000 189.355000 10.245000 
0.660000 28.721000 5157.114000 3279.519500 1175.565000 257.160000 189.370000 9.557500 
0.510000 28.216000 5211.844000 3323.628500 1177.925000 242.329000 189.405000 9.870000 
0.655000 28.981000 5247.070000 3349.000000 1187.230000 242.635500 189.317500 9.997500 
0.695000 29.768500 5280.687000 3359.456500 1189.567500 259.324500 189.327500 10.000000 
0.602500 30.702000 5229.621000 3280.289500 1190.260000 252.777000 189.325000 10.000000 
0.525000 32.136000 5039.230000 3238.162000 1190.220000 237.827000 189.382500 9.997500 
0.455000 30.548500 5042.710000 3256.378000 1189.740000 230.772000 189.347500 9.105000 
0.495000 31.350000 5157.424000 3285.783500 1189.947500 245.340500 189.400000 8.302500 
0.525000 33.919000 5135.574000 3280.004500 1190.312500 244.160000 189.342500 8.302500 
0.580000 31.728000 5346.958000 3433.062500 1198.497500 253.465000 189.395000 10.102500 
0.730000 33.475000 5236.615000 3356.911000 1199.337500 245.320500 189.342500 10.100000 
0.680000 31.319500 5261.176000 3354.556000 1198.530000 260.155500 189.370000 10.102500 
0.690000 31.397500 5234.335000 3267.550000 1197.132500 250.830000 189.392500 10.110000 
0.655000 33.071000 5137.734000 3276.220500 1199.042500 256.168000 189.332500 10.082500 
0.560000 29.188500 5288.608000 3420.816500 1199.277500 256.112500 189.390000 10.095000 
0.610000 32.599000 5321.331000 3325.576000 1200.062500 258.451000 189.380000 10.100000 
0.550000 31.918000 5363.153000 3399.053500 1199.760000 269.025500 189.387500 10.132500 
0.700000 31.744000 5332.731000 3337.089500 1200.092500 263.251000 189.397500 10.195000 
0.840000 31.099000 5177.351000 3232.476000 1189.895000 246.901500 189.400000 9.995000 
0.450000 32.341500 5219.491000 3369.164000 1196.890000 282.865000 189.402500 9.612500 
0.547500 30.921500 5269.175000 3335.928500 1199.780000 244.636500 189.347500 9.250000 
0.512500 31.895000 5319.489000 3490.885500 1200.357500 258.776000 189.375000 9.000000 
0.595000 33.070000 5330.352000 3430.219500 1200.685000 250.436500 189.397500 9.130000 
0.630000 32.228000 5266.007000 3288.225500 1200.082500 261.632000 189.360000 9.800000 
0.627500 31.982000 5304.062000 3453.359000 1197.447500 263.479500 189.385000 10.195000 
0.652500 31.200000 5316.965000 3361.989500 1199.570000 258.933000 189.415000 9.645000 
0.687500 32.713500 5278.777000 3372.235000 1200.180000 243.782000 189.407500 9.010000 
0.475000 32.097000 5363.620000 3443.676500 1200.045000 265.837000 189.397500 8.002500 
0.412500 33.085000 5437.913000 3499.355000 1196.532500 273.157000 189.367500 8.000000 
0.450000 33.186500 5496.268000 3452.510000 1199.280000 276.655500 189.417500 8.000000 
0.450000 32.900000 5370.033000 3400.187500 1185.132500 258.946500 189.375000 8.002500 
0.540000 36.750500 5435.647000 3429.374000 1199.967500 250.933000 189.382500 8.000000 
0.655000 33.699000 5375.867000 3393.430500 1193.490000 257.441000 189.422500 7.997500 
0.750000 32.248000 5317.951000 3324.557000 1194.577500 256.920500 189.427500 8.000000 
0.682500 31.473000 5281.444000 3346.717500 1189.152500 245.919000 189.440000 8.005000 
0.555000 31.021000 5332.278000 3355.043500 1198.005000 266.792500 189.410000 8.157500 
0.580000 32.837500 5340.879000 3383.034000 1197.777500 238.567000 189.382500 8.542500 
0.610000 34.278000 5434.515000 3530.594500 1199.550000 250.599000 189.415000 9.860000 
0.680000 33.994500 5439.064000 3421.043000 1202.772500 265.541500 189.367500 10.000000 
0.640000 34.049500 5380.406000 3450.070000 1197.330000 257.520500 189.522500 10.002500 
0.585000 33.255500 5338.677000 3456.186000 1199.215000 257.393500 189.395000 10.010000 
0.525000 35.866500 5476.765000 3463.284000 1200.125000 248.760500 189.377500 10.005000 
0.480000 34.724500 5411.034000 3546.188000 1198.252500 253.661000 189.397500 10.007500 
0.410000 35.009000 5478.311000 3557.487500 1198.545000 274.809500 189.425000 10.000000 
0.487500 37.631000 5471.150000 3452.943000 1198.765000 252.392500 189.467500 9.997500 
0.542500 40.079500 5328.959000 3297.183500 1197.302500 247.876500 189.400000 8.352500 
0.490000 38.318000 5319.726000 3401.957000 1198.022500 263.624500 189.390000 7.555000 
0.490000 40.947000 5441.181000 3582.953000 1209.645000 267.071000 189.407500 8.075000 
0.510000 40.126500 5441.312000 3554.491000 1200.180000 259.418500 189.382500 9.827500 
0.577500 37.548500 5424.751000 3532.400000 1199.470000 259.367500 189.420000 10.250000 
0.685000 36.087000 5323.201000 3456.501000 1198.657500 236.489500 189.385000 10.505000 
0.632500 34.781500 5354.454000 3493.392500 1199.387500 244.441000 189.382500 10.495000 
0.475000 35.218000 5454.134000 3543.262500 1197.340000 263.396000 189.345000 10.502500 
0.470000 35.123500 5503.121000 3476.894000 1196.237500 264.693000 189.382500 10.497500 
0.480000 36.826000 5461.259000 3476.727000 1197.902500 260.908000 189.395000 10.500000 
0.520000 36.644000 5476.894000 3523.165500 1199.907500 240.782000 189.410000 10.340000 
0.520000 36.027000 5421.272000 3504.692500 1197.127500 260.902500 189.410000 9.002500 
0.430000 34.797500 5437.697000 3455.872500 1199.990000 242.567000 189.415000 9.000000 
