0.127321 0.218298 0.87521 0.608639 0.824799 0.68197 0.997843 0.672928 
0.204244 0.821738 0.834381 0.585602 0.828826 0.596903 0.998755 0.673411 
0.477454 0.195978 0.905149 0.678354 0.834867 0.671261 0.998635 0.673332 
0.38992 0.383176 0.82915 0.452563 0.764384 0.607723 0.997712 0.673245 
0.477454 0.864661 0.840158 0.561469 0.679804 0.650795 0.997607 0.68111 
0.405836 0.401129 0.862563 0.528973 0.784522 0.766527 0.988591 0.68709 
0.458886 0.381257 0.849018 0.521846 0.784522 0.720949 0.998001 0.68654 
0.514589 0.352781 0.815762 0.495826 0.846951 0.856345 0.998313 0.686618 
0.538462 0.860117 0.846247 0.573958 0.784522 0.620325 0.998416 0.686769 
0.363395 0.185436 0.885593 0.588712 0.89931 0.845119 0.998917 0.686861 
0.28382 0.846725 0.860026 0.582363 0.792578 0.779423 0.998609 0.705457 
0.469496 0.403069 0.817128 0.518556 0.661679 0.707509 0.998582 0.691214 
0.538462 0.801626 0.776767 0.603582 0.510644 0.59574 0.992523 0.713294 
0.649867 0.789689 0.869823 0.724955 0.599252 0.686066 0.96573 0.810272 
0.490716 0.753152 0.911004 0.693462 0.514671 0.843066 0.995599 0.804814 
0.432361 0.833088 0.85378 0.538157 0.657652 0.679196 0.998791 0.814686 
0.511936 0.737495 0.87845 0.652042 0.693901 0.723344 0.998932 0.811554 
0.458886 0.736288 0.917288 0.746239 0.710011 0.777004 0.99879 0.813684 
0.246684 0.703348 0.870214 0.671833 0.707997 0.748655 0.998566 0.82266 
0.257294 0.864814 0.864085 0.594374 0.756329 0.759471 0.998521 0.834743 
0.33687 0.680436 0.888832 0.551832 0.744246 0.70052 0.998738 0.82629 
0.371353 0.179465 0.886022 0.678245 0.834867 0.756107 0.99915 0.794424 
0.366048 0.729543 0.977438 0.803129 0.818757 1 0.998803 0.825295 
0.251989 0.677314 0.954565 0.630321 0.790564 0.756107 0.998491 0.823213 
0.233422 0.685703 0.950779 0.717019 0.718066 0.810635 0.998356 0.82843 
0.270557 0.169705 0.979742 0.778296 0.828826 0.786103 0.998714 0.827237 
0.28382 0.689593 0.952691 0.747796 0.756329 0.838571 0.998704 0.816641 
0.32626 0.71593 0.966353 0.849301 0.796605 0.822027 0.997122 0.812226 
0.249337 0.69437 0.988095 0.804627 0.770426 0.815691 0.998627 0.822048 
0.34748 0.169449 0.959795 0.768687 0.857019 0.824874 0.998637 0.847964 
0.262599 0.677665 1 0.88147 0.764384 0.852232 0.998603 0.820204 
0.230769 0.205077 0.999805 0.831303 0.903337 0.833076 0.997732 0.808105 
0.286472 0.705612 0.965729 0.742714 0.798619 0.744693 0.997349 0.80843 
0.297082 0.802277 0.864436 0.603739 0.891254 0.615176 0.998568 0.833071 
0.506631 0.706971 0.904134 0.723463 0.710011 0.735109 0.998685 0.838985 
0.557029 0.703892 0.92689 0.68122 0.724108 0.676548 0.998508 0.826701 
0.62069 0.731693 0.935946 0.729586 0.740218 0.752849 0.9989 0.831447 
0.655172 0.710817 0.913853 0.712162 0.818757 0.680049 0.99908 0.809739 
0.697613 0.754867 0.844803 0.54664 0.800632 0.695101 0.998241 0.805265 
0.615385 0.330261 0.798158 0.51378 0.774453 0.594007 0.997876 0.833251 
0.639257 0.861203 0.855615 0.569083 0.653625 0.669079 0.998232 0.818201 
0.68435 0.157799 0.908037 0.733703 0.850978 0.831598 0.997979 0.783621 
0.445623 0.720968 0.890745 0.532942 0.716053 0.695015 0.998123 0.75396 
0.525199 0.636327 0.810063 0.66457 0.685845 0.770975 0.998219 0.763575 
0.432361 0.730755 0.946563 0.772518 0.74626 0.846791 0.997879 0.769247 
0.31565 0.189214 0.920957 0.632886 0.885213 0.838484 0.996306 0.779379 
0.204244 0.722801 0.918615 0.689308 0.689873 0.838621 0.997293 0.823608 
0.251989 0.704558 0.911589 0.65344 0.808688 0.869364 0.996163 0.80843 
0.114058 0.176328 0.918381 0.74416 0.893269 0.780103 0.998836 0.69895 
0.0928382 0.689003 0.968695 0.914463 0.875144 0.846354 0.980908 0.666046 
0.0981432 0.689249 0.936336 0.935331 0.804661 0.846319 0.997564 0.817919 
0 0.72103 0.961981 0.895582 0.863061 0.827496 0.99744 0.818841 
0.259947 0.176207 0.988797 0.822464 0.826813 0.827419 0.99796 0.807081 
0.0132626 0.191741 0.927905 0.58303 0.897296 0.754483 0.997433 0.814198 
0.267905 0.686482 0.953004 0.816566 0.798619 0.709382 0.997399 0.833101 
0.119363 0.201898 0.959561 0.655413 0.846951 0.844383 0.997762 0.795074 
0.159151 0.181123 0.888832 0.617878 0.83084 0.785133 0.998048 0.80199 
0.124668 0.212439 0.881533 0.558126 0.836882 0.749844 0.998116 0.778687 
0.140584 0.342063 0.807096 0.478933 0.818757 0.610627 0.998095 0.848773 
0.108753 0.845303 0.790585 0.483101 0.909379 0.631367 0.997647 0.826071 
0.175066 0.773976 0.81139 0.571664 0.832854 0.659246 0.998271 0.822865 
0.262599 0.865212 0.828408 0.565784 0.893269 0.722741 0.997917 0.822729 
0.33687 0.339981 0.80452 0.524452 0.871117 0.642931 0.998129 0.816636 
0.419098 0.328491 0.751513 0.433309 0.881186 0.565756 0.998295 0.815827 
0.559682 0.339743 0.763574 0.404477 0.778481 0.649189 0.998193 0.823152 
0.607427 0.264468 0.717709 0.336222 0.544878 0.613196 0.959029 0.651676 
0.647215 0.308794 0.760959 0.382694 0.673762 0.612914 0.996559 0.787299 
0.761273 0.305397 0.754362 0.399031 0.665708 0.610997 0.997083 0.677483 
0.761273 0.243725 0.800929 0.525484 0.750288 0.685314 0.99781 0.796039 
0.596817 0.711398 0.617042 0.735676 0.691887 0.456676 0.510878 0.542496 
0.472149 0.203798 0.599828 0.566535 0.707997 0.546094 0.700694 0.400797 
0.453581 0.0261321 0.867286 0.534726 0.820771 0.717494 0.998136 0.77117 
0.427056 0.345785 0.822593 0.58771 0.859034 0.700774 0.998519 0.827607 
0.450928 0.104334 0.848862 0.522531 0.776467 0.852608 0.99767 0.837448 
0.363395 0.121739 0.81783 0.436562 0.784522 0.715194 0.998168 0.817838 
0.437666 0.139145 0.748312 0.383348 0.786536 0.621283 0.99781 0.801862 
0.639257 0.15655 0.619735 0.316156 0.663693 0.530096 0.89948 0.560669 
0.755968 0.173956 0.734416 0.48441 0.83084 0.68632 0.998743 0.841142 
0.458886 0.191363 0.880206 0.71276 0.846951 0.793189 0.99861 0.936717 
0.320955 0.208769 0.905461 0.638937 0.820771 0.794888 0.998659 0.919665 
0.249337 0.226174 0.917678 0.707833 0.887227 0.919346 0.998827 0.908718 
0.416446 0.24358 0.911316 0.648868 0.921462 0.789789 0.998071 0.886705 
0.400531 0.260985 0.879464 0.551629 0.965766 0.854121 0.997554 0.90428 
0.28382 0.278391 0.908154 0.686447 0.848965 0.76946 0.997375 0.953707 
0.363395 0.295797 0.9475 0.697211 0.820771 0.758161 0.99749 0.949531 
0.363395 0.313202 0.921191 0.632941 0.824799 0.707209 0.997793 0.95756 
0.355438 0.330609 0.823373 0.39187 0.832854 0.697007 0.99817 0.950018 
0.488064 0.365097 0.781373 0.587774 0.792578 0.627206 0.9977 0.886582 
0.702918 0.365704 0.842149 0.483207 0.786536 0.851449 0.998194 0.903104 
0.586207 0.301753 0.7496 0.381004 0.673762 0.546562 0.995937 0.778013 
0.628647 0.272513 0.728171 0.461902 0.502588 0.61971 0.99324 0.654193 
0.660477 0.391667 0.756118 0.705042 0.699943 0.669684 0.727527 0.71313 
0.437666 0.374752 0.822202 0.579921 0.780495 0.758146 0.730328 0.686254 
0.342175 0.379124 0.849213 0.574467 0.844937 0.755267 0.948302 0.760826 
0.374005 0.377237 0.789102 0.476288 0.738205 0.600629 0.998303 0.828376 
0.485411 0.366268 0.792381 0.618289 0.718066 0.60509 0.998362 0.917319 
0.37931 0.389559 0.865022 0.603771 0.736191 0.776819 0.998049 0.948337 
0.30504 0.39022 0.836762 0.550405 0.766398 0.783612 0.999093 0.957861 
0.246684 0.391121 0.806472 0.534036 0.752301 0.61789 0.998507 0.928399 
0.30504 0.331405 0.84047 0.531695 0.710011 0.71238 0.998612 0.700433 
0.397878 0.369579 0.869784 0.562764 0.659666 0.512633 0.998393 0.645653 
0.363395 0.351299 0.843436 0.418191 0.615362 0.743213 0.998345 0.634862 
0.432361 0.351025 0.79039 0.471815 0.641541 0.704342 0.981775 0.662717 
0.320955 0.352695 0.771498 0.444507 0.734177 0.644342 0.934375 0.767978 
0.34748 0.358547 0.811078 0.588397 0.740218 0.707584 0.991448 0.832398 
0.259947 0.377654 0.80491 0.525347 0.734177 0.845064 0.984417 0.903475 
0.363395 0.116622 0.751083 0.444891 0.804661 0.608132 0.981381 0.923796 
0.331565 0.379244 0.796596 0.610872 0.778481 0.628776 0.963186 0.973447 
0.331565 0.378518 0.828799 0.68195 0.804661 0.792656 0.788932 0.970125 
0.331565 0.399815 0.834381 0.572169 0.782509 0.878292 0.829206 0.98798 
0.299735 0.398803 0.851634 0.645034 0.78855 0.707734 0.948374 0.988421 
0.28382 0.401794 0.856825 0.755607 0.77244 0.704713 0.92551 0.938467 
0.363395 0.3961 0.891448 0.650951 0.653625 0.780866 0.953326 0.964777 
0.323607 0.390486 0.861314 0.557388 0.756329 0.79026 0.929874 0.917634 
0.33687 0.389081 0.788985 0.559945 0.677791 0.634173 0.851148 0.810638 
0.30504 0.384883 0.824622 0.635719 0.734177 0.694073 0.808392 0.7956 
0.299735 0.382655 0.7827 0.565272 0.70397 0.647949 0.785311 0.79197 
0.27321 0.410084 0.744721 0.710741 0.770426 0.637391 0.713873 0.776966 
0.318302 0.404209 0.727195 0.724603 0.728136 0.560838 0.665683 0.762546 
0.214854 0.425409 0.750498 0.817917 0.774453 0.578396 0.665637 0.719112 
0.236074 0.428018 0.783364 0.80062 0.840909 0.62379 0.666301 0.789875 
0.278515 0.0253985 0.743003 0.695762 0.921462 0.469574 0.665844 0.789967 
0.34748 0.248854 0.688239 0.539508 0.869102 0.553175 0.666523 0.810144 
0.352785 0.414524 0.671728 0.456798 0.923475 0.459621 0.698858 0.803438 
0.66313 0.306157 0.680472 0.445061 0.840909 0.54901 0.721045 0.80195 
0.766578 0.326431 0.643234 0.327096 0.826813 0.397421 0.748251 0.652231 
0.734748 0.362949 0.66478 0.431133 0.724108 0.428271 0.765391 0.561261 
0.761273 0.349224 0.639564 0.286569 0.744246 0.400308 0.76614 0.546853 
0.862069 0.272294 0.636676 0.245033 0.510644 0.400561 0.734065 0.508614 
0.877984 0.263995 0.649752 0.296532 0.601265 0.477497 0.736293 0.508144 
0.851459 0.251732 0.678364 0.382663 0.502588 0.553781 0.762048 0.588846 
0.750663 0.221892 0.671416 0.317363 0.500574 0.45883 0.794092 0.584935 
0.729443 0.242559 0.741949 0.533988 0.512657 0.628429 0.782169 0.585344 
0.649867 0.289507 0.767165 0.434884 0.641541 0.683467 0.84721 0.633245 
0.562334 0.305621 0.782778 0.513759 0.631473 0.677608 0.90551 0.63533 
0.416446 0.315658 0.820094 0.602162 0.681818 0.707754 0.902985 0.714534 
0.371353 0.287254 0.837972 0.521052 0.695914 0.61508 0.989786 0.686354 
0.501326 0.281511 0.77829 0.457509 0.689873 0.675597 0.997781 0.755139 
0.546419 0.223336 0.614895 0.15722 0.639527 0.478064 0.924918 0.424995 
0.904509 0.272307 0.630899 0.470426 0.476409 0.628966 0.723194 0.379208 
0.66313 0.267043 0.739139 0.41334 0.6355 0.614421 0.850371 0.476283 
0.400531 0.285921 0.825442 0.557253 0.65161 0.690423 0.966028 0.66161 
0.262599 0.304841 0.843632 0.683026 0.722095 0.75135 0.985124 0.817072 
0.328912 0.323759 0.840821 0.615272 0.667721 0.690142 0.990427 0.828601 
0.228117 0.342679 0.827823 0.601518 0.714039 0.766248 0.998244 0.831499 
0.265252 0.475497 0.842695 0.593019 0.697928 0.661472 0.997656 0.822012 
0.519894 0.0873853 0.850462 0.59903 0.768412 0.767621 0.998565 0.813356 
0.464191 0.135612 0.84816 0.491935 0.760357 0.539082 0.998139 0.80284 
0.490716 0.183838 0.746594 0.486009 0.633486 0.644443 0.997996 0.718181 
0.761273 0.232063 0.799875 0.506987 0.710011 0.689349 0.997741 0.765479 
0.522546 0.28029 0.785862 0.44418 0.752301 0.675053 0.998645 0.79598 
0.538462 0.328516 0.781256 0.512055 0.677791 0.614902 0.997916 0.780101 
0.437666 0.311343 0.813771 0.474804 0.710011 0.780826 0.997899 0.897557 
0.485411 0.317305 0.744213 0.447886 0.645569 0.674585 0.998361 0.931851 
0.580902 0.3192 0.797611 0.522773 0.665708 0.690745 0.997997 0.955611 
0.453581 0.348294 0.846286 0.588337 0.667721 0.766552 0.998429 0.962887 
0.586207 0.369318 0.841329 0.481901 0.691887 0.747986 0.99884 0.962545 
0.533157 0.3413 0.756353 0.484664 0.565017 0.59919 0.998156 0.954749 
0.586207 0.352201 0.80815 0.534369 0.573071 0.628553 0.997584 0.953886 
0.511936 0.352469 0.777665 0.519919 0.641541 0.750417 0.997962 0.83443 
0.421751 0.332134 0.791795 0.482978 0.653625 0.599009 0.997864 0.498938 
0.458886 0.319998 0.784184 0.468366 0.631473 0.671809 0.998591 0.585664 
0.628647 0.36952 0.815098 0.585928 0.605293 0.57421 0.998812 0.607873 
0.567639 0.327761 0.826106 0.510859 0.673762 0.628054 0.998681 0.605878 
0.578249 0.312069 0.744447 0.411462 0.701956 0.629197 0.961042 0.602573 
0.766578 0.347135 0.525664 0.312943 0.271 0.415843 0.695664 0.231128 
0.745358 0.302234 0.583824 0.210539 0.319331 0.501251 0.749168 0.226402 
0.692308 0.246746 0.546118 0.166764 0.426064 0.402175 0.715028 0.207626 
0.862069 0.201988 0.50322 0.181771 0.474395 0.417455 0.659203 0.173088 
0.95756 0.154853 0.411804 0.178932 0.428077 0.461558 0.616358 0.0917288 
0.578249 0.197699 0.625825 0.266591 0.403912 0.49025 0.733022 0.0788219 
0.533157 0.269626 0.721027 0.360522 0.460299 0.630023 0.836332 0.137732 
0.405836 0.271562 0.723955 0.373246 0.601265 0.638283 0.943864 0.328929 
0.355438 0.277074 0.751434 0.448607 0.65161 0.726132 0.968609 0.527698 
0.230769 0.301085 0.785472 0.407983 0.637514 0.799314 0.997508 0.66293 
0.360743 0.303118 0.696163 0.358963 0.625431 0.671193 0.997881 0.659315 
0.519894 0.294942 0.66638 0.28775 0.605293 0.641626 0.99178 0.565878 
0.501326 0.264628 0.665287 0.35736 0.538836 0.655769 0.977631 0.471195 
0.514589 0.274553 0.699754 0.39342 0.544878 0.655095 0.975308 0.322012 
0.639257 0.283525 0.725516 0.292713 0.546892 0.727184 0.988814 0.370884 
0.344828 0.281924 0.605176 0.318778 0.55092 0.639743 0.950459 0.432495 
0.490716 0.184487 0.393068 0.109856 0.506616 0.318976 0.228885 0.450551 
0.474801 0.189196 0.650806 0.44142 0.520713 0.712083 0.546651 0.455703 
0.310345 0.285157 0.758851 0.397654 0.548906 0.785319 0.88804 0.770263 
0.299735 0.337821 0.785589 0.597483 0.730149 0.77062 0.947607 0.849363 
0.262599 0.384077 0.872087 0.645039 0.786536 0.802828 0.998386 0.702294 
0.198939 0.385312 0.860104 0.656698 0.800632 0.802825 0.999162 0.675821 
0.175066 0.39098 0.846754 0.528938 0.77244 0.809861 0.998118 0.666523 
0.270557 0.387468 0.814317 0.475343 0.740218 0.808595 0.998359 0.853132 
0.267905 0.38432 0.763223 0.496598 0.780495 0.735209 0.99799 0.927831 
0.501326 0.39486 0.797065 0.55118 0.695914 0.73652 0.998671 0.921405 
0.485411 0.378644 0.817986 0.515736 0.796605 0.734556 0.998038 0.915265 
0.374005 0.389219 0.824037 0.518935 0.750288 0.831706 0.998306 0.91232 
0.363395 0.393519 0.821851 0.478556 0.774453 0.847175 0.99918 0.913077 
0.538462 0.427309 0.807174 0.501719 0.778481 0.756297 0.998835 0.930075 
0.851459 0.401815 0.720715 0.144901 0.693901 0.692299 0.99926 0.942898 
0.755968 0.358238 0.643351 0.133171 0.697928 0.618297 0.978483 0.908424 
0.777188 0.3371 0.61146 0.284763 0.774453 0.593328 0.935701 0.79906 
0.721485 0.341107 0.729068 0.387836 0.74626 0.91964 0.989265 0.924196 
0.533157 0.354967 0.700496 0.263187 0.848965 0.697351 0.992104 0.848673 
0.517241 0.356173 0.690308 0.308925 0.812716 0.771602 0.992215 0.839915 
0.437666 0.353224 0.725243 0.332314 0.838896 0.846817 0.998984 0.830384 
0.395225 0.368683 0.673875 0.227625 0.832854 0.770716 0.998907 0.831305 
0.37931 0.341012 0.656544 0.281385 0.78855 0.75601 0.998905 0.902793 
0.464191 0.336059 0.651196 0.187003 0.846951 0.681715 0.998771 0.848542 
0.681698 0.315877 0.619072 0.191027 0.863061 0.695554 0.998628 0.868396 
0.679045 0.281994 0.61872 0.16106 0.889241 0.681964 0.998632 0.884231 
0.734748 0.313155 0.585152 0.231024 0.838896 0.679025 0.999925 0.916846 
0.615385 0.289052 0.636129 0.302344 0.871117 0.740654 0.998675 0.929713 
0.469496 0.291865 0.719778 0.320738 0.836882 0.888208 0.999109 0.954202 
0.411141 0.288421 0.594481 0.154545 0.893269 0.472358 0.998314 0.971324 
0.32626 0.282553 0.717592 0.336486 0.923475 0.846724 0.992411 0.76994 
0.320955 0.28642 0.699208 0.330272 0.881186 0.830893 0.999872 0.764675 
0.400531 0.289945 0.706702 0.350059 0.9416 0.834398 0.999813 0.64795 
0.38992 0.319106 0.715172 0.429575 0.832854 0.85263 1 0.629788 
0.33687 0.326055 0.723799 0.439793 0.844937 0.836431 0.999825 0.817584 
0.278515 0.305257 0.685351 0.284927 0.820771 0.751634 0.992526 0.886899 
0.480106 0.318596 0.74113 0.439996 0.869102 0.920867 0.999636 0.922471 
0.310345 0.370188 0.720403 0.337451 0.861048 0.891649 0.999558 0.946646 
0.265252 0.378131 0.669971 0.348762 0.893269 0.778789 0.999702 0.953736 
0.225464 0.381257 0.771966 0.433241 0.867089 0.853388 0.998985 0.965594 
0.257294 0.400186 0.761778 0.398306 0.907365 0.85507 0.999378 0.968268 
0.371353 0.431855 0.716421 0.326294 0.846951 0.780862 0.999129 0.948423 
0.35809 0.430257 0.669815 0.292283 0.911393 0.703482 0.997536 0.933165 
0.392573 0.315577 0.635583 0.277593 0.850978 0.764361 0.997194 0.929503 
0.405836 0.393409 0.711464 0.335061 0.848965 0.856259 0.998635 0.927532 
0.480106 0.393341 0.692103 0.323347 0.844937 0.764368 0.999086 0.877228 
0.514589 0.392723 0.721262 0.309014 0.836882 0.71606 0.998195 0.902109 
0.559682 0.392463 0.65389 0.210268 0.689873 0.770527 0.998317 0.865313 
0.636605 0.341599 0.66357 0.294722 0.776467 0.762872 0.998917 0.852653 
0.771883 0.321367 0.651626 0.205029 0.802647 0.702304 0.998839 0.950122 
0.803714 0.299016 0.637847 0.169597 0.846951 0.717261 0.991907 0.933759 
0.819629 0.26681 0.605137 0.26607 0.804661 0.687622 0.948454 0.794597 
0.766578 0.320873 0.669191 0.336168 0.776467 0.871187 0.988439 0.898898 
0.458886 0.315369 0.694055 0.277002 0.81473 0.780439 0.995767 0.953358 
0.38992 0.354635 0.689059 0.382529 0.794592 0.795454 0.999225 0.94181 
0.381963 0.340325 0.763769 0.418064 0.836882 0.932654 0.999399 0.931847 
0.35809 0.35345 0.704907 0.3 0.790564 0.783358 0.99951 0.929544 
0.448276 0.373663 0.64257 0.336251 0.812716 0.857682 0.998763 0.926049 
0.421751 0.381978 0.71525 0.358145 0.877158 0.769139 0.998498 0.923623 
0.381963 0.378607 0.643897 0.286454 0.842923 0.711793 0.998673 0.926322 
0.37931 0.366368 0.649362 0.289124 0.826813 0.773274 0.998513 0.954455 
0.466844 0.221142 0.688161 0.26157 0.754315 0.778186 0.998537 0.981521 
0.490716 0.296031 0.724735 0.519038 0.800632 0.789228 0.999198 0.996756 
0.427056 0.370917 0.755494 0.359817 0.754315 0.772766 0.998901 0.998742 
0.395225 0.361759 0.820875 0.571743 0.776467 0.785292 0.999346 0.985795 
0.514589 0.373213 0.86549 0.614414 0.728136 0.861065 0.999676 0.97469 
0.437666 0.36625 0.865139 0.534205 0.852992 0.772624 0.999522 0.95994 
0.464191 0.349368 0.824349 0.603258 0.846951 0.865716 0.998619 0.952574 
0.464191 0.351918 0.90913 0.681377 0.836882 0.86121 0.998343 0.94663 
0.212202 0.365462 0.847184 0.491189 0.778481 0.800103 0.998518 0.792053 
0.289125 0.354448 0.839572 0.660755 0.846951 0.935696 0.999365 0.781416 
0.27321 0.374379 0.8829 0.555383 0.828826 0.764389 0.999798 0.873402 
0.289125 0.374491 0.822671 0.609373 0.850978 0.845259 0.99892 0.963887 
0.440318 0.360495 0.819001 0.519765 0.770426 0.784133 0.998836 0.995636 
0.416446 0.355647 0.778758 0.534524 0.812716 0.818428 0.987362 0.990606 
0.448276 0.338112 0.874117 0.682613 0.865075 0.937453 0.998046 0.987773 
0.437666 0.352308 0.895195 0.49879 0.89931 0.844624 0.995545 0.977622 
0.318302 0.367864 0.848745 0.696718 0.852992 0.756249 0.995491 0.84481 
0.395225 0.261383 0.641984 0.69648 0.72008 0.43706 0.548155 0.327137 
0.870027 0.186018 0.260471 0.374829 0.730149 0.214925 0.149634 0.313104 
0.798409 0.224115 0.205082 0.217443 0.579113 0.0991842 0.175626 0.0780763 
0.777188 0.142976 0.206175 0.154567 0.512657 0.0990371 0.161992 0 
0.702918 0.060642 0 0 0.383773 2.98023e-08 0 0.000253219 
0.267905 0.141539 0.51052 0.529709 0.661679 0.405787 0.251163 0.278097 
0.28382 0.16963 0.506226 0.615592 0.790564 0.403874 0.38293 0.334208 
0.299735 0.197719 0.520512 0.621331 0.716053 0.340853 0.46622 0.387961 
0.352785 0.229817 0.559819 0.621259 0.840909 0.403822 0.607367 0.442317 
0.96817 0.204915 0.628245 0.716794 0.887227 0.472076 0.631924 0.477049 
1 0.219658 0.685624 0.659962 0.985904 0.536435 0.680789 0.514507 
0.777188 0.215219 0.724462 0.591694 0.937572 0.535664 0.726063 0.524256 
0.798409 0.211365 0.705999 0.553347 0.905352 0.510832 0.733097 0.521487 
0.822281 0.259908 0.749678 0.724173 0.818757 0.587334 0.754825 0.588351 
0.538462 0.266549 0.769273 0.710928 0.909379 0.61111 0.767691 0.662471 
0.363395 0.25405 0.788282 0.654023 0.951669 0.600528 0.815381 0.710321 
0.403183 0.235232 0.816035 0.691803 0.96778 0.68648 0.861801 0.836399 
0.33687 0.654894 0.857176 0.672561 0.9416 0.696547 0.885332 0.853289 
0.543767 0.255262 0.79644 0.608432 0.951669 0.694411 0.900075 0.778613 
0.612732 0.264763 0.834888 0.67297 0.869102 0.641625 0.899686 0.793578 
0.538462 0.253778 0.785901 0.597805 0.850978 0.516178 0.900037 0.746997 
0.586207 0.269895 0.820133 0.711014 0.808688 0.717462 0.896345 0.627449 
0.612732 0.0704804 0.848433 0.695626 0.865075 0.652187 0.899972 0.618323 
0.66313 0.0995655 0.853 0.705586 0.818757 0.741872 0.900104 0.61548 
0.522546 0.128651 0.777938 0.603511 0.8832 0.517911 0.899813 0.620716 
0.832891 0.157733 0.753542 0.631172 0.68786 0.616527 0.899761 0.650808 
0.814324 0.186819 0.765252 0.578677 0.61939 0.672971 0.899997 0.75036 
0.824934 0.215904 0.769819 0.52595 0.655639 0.659125 0.899284 0.760246 
0.755968 0.244989 0.743784 0.510067 0.804661 0.602647 0.898841 0.780769 
0.700265 0.274073 0.770951 0.662811 0.734177 0.726728 0.899581 0.801712 
0.618037 0.107745 0.799914 0.685332 0.796605 0.665039 0.904508 0.811054 
0.482759 0.175237 0.749639 0.711104 0.732163 0.651981 0.873815 0.709467 
0.469496 0.242728 0.769039 0.686912 0.784522 0.594304 0.863286 0.644985 
0.427056 0.323528 0.830282 0.689829 0.736191 0.650675 0.866524 0.707823 
0.469496 0.325367 0.826145 0.652845 0.87313 0.66367 0.866374 0.776084 
0.485411 0.328435 0.849994 0.722638 0.796605 0.732963 0.865619 0.771479 
0.342175 0.347004 0.857567 0.735292 0.812716 0.648967 0.865804 0.759907 
0.323607 0.354708 0.84894 0.618201 0.778481 0.597382 0.864899 0.688853 
0.3687 0.313897 0.841094 0.707463 0.653625 0.679686 0.865967 0.686835 
0.506631 0.330753 0.828721 0.677218 0.675776 0.67832 0.86449 0.702591 
0.543767 0.323043 0.797884 0.377169 0.780495 0.775224 0.882953 0.722421 
0.427056 0.345646 0.722432 0.461918 0.738205 0.399947 0.861643 0.654137 
0.649867 0 0.670362 0.673025 0.74626 0.583523 0.844725 0.66275 
0.851459 0.242969 0.798977 0.720111 0.748274 0.650864 0.837712 0.706377 
0.371353 0.48594 0.800461 0.598724 0.820771 0.607946 0.865429 0.822747 
0.403183 0.338841 0.786955 0.593862 0.744246 0.729998 0.887906 0.861537 
0.522546 0.328388 0.730825 0.475472 0.78855 0.543712 0.898526 0.880276 
0.522546 0.309065 0.701511 0.47227 0.742232 0.643326 0.898675 0.796327 
0.511936 0.272462 0.679574 0.331625 0.806674 0.379802 0.875382 0.739003 
0.549072 0.279951 0.604122 0.492241 0.673762 0.584103 0.83513 0.638449 
0.496021 0.323629 0.785237 0.659215 0.766398 0.664231 0.868213 0.770194 
0.485411 0.363074 0.828096 0.683716 0.712025 0.718515 0.897207 0.851692 
0.437666 0.373648 0.819548 0.663403 0.780495 0.718538 0.899191 0.875949 
0.37931 0.342684 0.794176 0.636573 0.744246 0.670963 0.898293 0.929997 
0.498674 0.334754 0.817128 0.669437 0.728136 0.631621 0.896048 1 
0.564987 0.320928 0.68699 0.409497 0.663693 0.462269 0.7465 0.759476 
0.718833 0.291782 0.763691 0.620202 0.484464 0.590988 0.84404 0.620633 
0.721485 0.325998 0.780749 0.593131 0.405925 0.603653 0.87244 0.611482 
0.671088 0.308306 0.740778 0.577107 0.528768 0.522916 0.888781 0.644881 
0.729443 0.298386 0.756275 0.599767 0.478422 0.577034 0.880727 0.820786 
0.588859 0.316303 0.81139 0.658501 0.623417 0.645548 0.898644 0.856264 
0.570292 0.29991 0.775713 0.540901 0.756329 0.728175 0.89951 0.862574 
0.649867 0.298303 0.762247 0.576625 0.768412 0.658562 0.899305 0.860589 
0.755968 0.320202 0.779617 0.583924 0.754315 0.673583 0.899023 0.856835 
0.596817 0.297624 0.759475 0.598164 0.78855 0.646075 0.898583 0.877471 
0.506631 0.300535 0.785667 0.55995 0.776467 0.651891 0.898409 0.767985 
0.442971 0.315214 0.717241 0.554778 0.792578 0.585399 0.885778 0.628863 
0.527851 0.299943 0.769897 0.572348 0.726122 0.596977 0.872741 0.637429 
0.490716 0.308828 0.759593 0.618371 0.800632 0.638049 0.871133 0.637394 
0.485411 0.342736 0.823881 0.665263 0.72008 0.721335 0.871489 0.626358 
0.469496 0.358442 0.689176 0.439359 0.794592 0.502378 0.827337 0.614324 
0.570292 0.323159 0.796908 0.637549 0.710011 0.652125 0.888708 0.609146 
0.496021 0.323224 0.75526 0.416731 0.800632 0.529944 0.875783 0.606369 
0.745358 0.302532 0.616964 0.405147 0.748274 0.571044 0.774219 0.603354 
0.904509 0.283244 0.703072 0.549819 0.556961 0.571178 0.839368 0.600882 
0.877984 0.312051 0.764159 0.701707 0.615362 0.65034 0.865497 0.603199 
0.525199 0.331193 0.826847 0.625566 0.828826 0.719776 0.88865 0.622291 
0.403183 0.331556 0.812639 0.550231 0.794592 0.639721 0.899467 0.641837 
0.363395 0.29849 0.660838 0.372584 0.816744 0.438685 0.871991 0.653291 
0.734748 0.300441 0.723721 0.685402 0.800632 0.651236 0.865593 0.656103 
0.628647 0.311477 0.777236 0.545002 0.848965 0.58652 0.866101 0.653247 
0.554377 0.280946 0.713181 0.5592 0.792578 0.626537 0.865834 0.640436 
0.665783 0.294228 0.781334 0.496779 0.74626 0.572293 0.866495 0.6261 
0.692308 0.268891 0.619033 0.407657 0.770426 0.492732 0.834818 0.620262 
0.729443 0.28845 0.773918 0.641504 0.740218 0.70902 0.881954 0.617555 
0.538462 0.33204 0.769351 0.504326 0.59321 0.55991 0.89541 0.613056 
0.453581 0.331295 0.837738 0.721619 0.782509 0.706885 0.897617 0.60955 
0.289125 0.342801 0.861782 0.727313 0.790564 0.706026 0.898839 0.614267 
0.342175 0.344324 0.783247 0.520481 0.776467 0.572168 0.890163 0.630356 
0.525199 0.307897 0.644951 0.493266 0.657652 0.448001 0.865151 0.642412 
0.840849 0.298019 0.675944 0.702596 0.643556 0.44503 0.846315 0.654961 
0.862069 0.305743 0.772122 0.688198 0.6355 0.734905 0.853672 0.657899 
0.870027 0.309576 0.784808 0.480962 0.673762 0.58444 0.898789 0.651446 
0.697613 0.277294 0.689996 0.602039 0.659666 0.514211 0.870445 0.640079 
0.766578 0.281922 0.761388 0.685655 0.74626 0.732589 0.8652 0.629181 
0.570292 0.312535 0.789609 0.613843 0.740218 0.613272 0.866119 0.623865 
0.395225 0.316743 0.757485 0.516529 0.726122 0.585583 0.865785 0.620849 
0.575597 0.287403 0.741949 0.562111 0.569044 0.612783 0.866061 0.618934 
0.633952 0.275281 0.748116 0.605663 0.565017 0.651701 0.86603 0.616649 
0.721485 0.293817 0.819158 0.621331 0.544878 0.543162 0.881317 0.617122 
0.713528 0.250357 0.780905 0.68407 0.6355 0.679649 0.899234 0.701802 
0.668435 0.286516 0.841094 0.768806 0.601265 0.747572 0.899558 0.763605 
0.519894 0.29035 0.863812 0.63775 0.738205 0.622454 0.899036 0.976907 
0.830239 0.238365 0.77017 0.666664 0.685845 0.762371 0.898948 0.997145 
0.671088 0.234237 0.77099 0.580489 0.790564 0.618271 0.898923 0.982189 
0.639257 0.253052 0.769117 0.526251 0.74626 0.707133 0.899496 0.962838 
0.564987 0.280091 0.753386 0.582921 0.826813 0.779494 0.899508 0.954509 
0.397878 0.303346 0.785159 0.63883 0.74626 0.648613 0.899477 0.948648 
0.342175 0.30173 0.780944 0.688973 0.744246 0.84716 0.899806 0.943394 
0.278515 0.293105 0.824037 0.707575 0.641541 0.777942 0.898833 0.941365 
0.265252 0.305686 0.792693 0.613253 0.707997 0.720801 0.899363 0.937131 
0.265252 0.293366 0.750068 0.656409 0.681818 0.747822 0.89932 0.940547 
0.278515 0.31578 0.850033 0.816468 0.774453 0.76242 0.899696 0.967795 
0.30504 0.313569 0.872946 0.748164 0.808688 0.706422 0.899492 0.991634 
0.214854 0.338225 0.856044 0.79484 0.89931 0.777271 0.896717 0.990969 
0.259947 0.332759 0.824661 0.674544 0.889241 0.564775 0.884096 0.911034 
0.437666 0.33889 0.836488 0.873106 0.937572 0.779576 0.870897 0.521848 
0.432361 0.368951 0.915609 0.840574 0.83084 0.708098 0.793488 0.334566 
0.427056 0.331157 0.907256 0.732846 0.935558 0.63511 0.850409 0.334635 
0.339523 0.349593 0.911589 0.824655 0.909379 0.707688 0.883634 0.342732 
0.320955 0.359626 0.926734 0.938908 0.971807 0.781115 0.877921 0.402445 
0.384615 0.36414 0.897342 0.831994 0.903337 0.692993 0.899214 0.422193 
0.275862 0.353271 0.859987 0.737107 0.935558 0.649881 0.899746 0.577372 
0.501326 0.336148 0.877396 0.710547 0.863061 0.777699 0.899757 0.805803 
0.533157 0.353527 0.858269 0.72195 0.905352 0.720175 0.899362 0.819607 
0.469496 0.337901 0.820875 0.679836 0.838896 0.629361 0.898581 0.752381 
0.718833 0.309607 0.759241 0.588154 0.810702 0.512951 0.89708 0.503555 
0.745358 0.311672 0.803817 0.624668 0.754315 0.789766 0.897724 0.713522 
0.67374 0.268796 0.750185 0.539732 0.78855 0.483131 0.892415 0.794484 
0.458886 0.321708 0.815762 0.660802 0.756329 0.687026 0.897837 0.795167 
0.411141 0.32884 0.834069 0.670175 0.848965 0.802138 0.898823 0.794877 
0.397878 0.322656 0.825871 0.620833 0.865075 0.722554 0.899079 0.795273 
0.310345 0.304582 0.763379 0.625367 0.921462 0.584692 0.898831 0.802258 
0.384615 0.328769 0.803154 0.620019 0.905352 0.730154 0.892289 0.80187 
0.352785 0.36673 0.853897 0.642493 0.983891 0.800867 0.89484 0.801942 
0.33687 0.376855 0.831024 0.637873 0.959724 0.654979 0.898483 0.801926 
0.381963 0.344845 0.832897 0.702505 1 0.71349 0.899175 0.801468 
0.262599 0.355582 0.803076 0.621851 0.859034 0.658267 0.898741 0.801846 
0.469496 0.362373 0.830048 0.72947 0.44016 0.585256 0.898965 0.776956 
0.450928 0.309407 0.794605 0.616585 0.693901 0.585881 0.898674 0.782194 
0.522546 0.312563 0.849135 0.783122 0.699943 0.748266 0.898942 0.80841 
0.35809 0.304582 0.811819 0.611123 0.548906 0.543054 0.893437 0.630094 
0.299735 0.279472 0.753972 0.556615 0.649597 0.645652 0.894249 0.470141 
0.458886 0.284252 0.834185 0.73183 0.679804 0.733291 0.899312 0.470186 
0.32626 0.314695 0.838831 0.656509 0.750288 0.660047 0.898699 0.569838 
0.384615 0.33041 0.765174 0.566273 0.816744 0.629875 0.899917 0.7701 
0.37931 0.335337 0.766033 0.563811 0.836882 0.657979 0.886082 0.808552 
0.3687 0.338041 0.803974 0.567602 0.887227 0.66031 0.899668 0.763171 
0.395225 0.323104 0.775245 0.625127 0.844937 0.662025 0.899401 0.673343 
0.453581 0.326236 0.824037 0.613701 0.812716 0.722998 0.899834 0.673211 
0.363395 0.355426 0.799329 0.581386 0.756329 0.591713 0.899016 0.673353 
0.435013 0.355678 0.832585 0.728821 0.796605 0.677373 0.896206 0.663161 
0.432361 0.343476 0.844217 0.691352 0.758343 0.667757 0.900063 0.320915 
0.397878 0.321324 0.844373 0.634465 0.716053 0.667235 0.898916 0.418206 
0.488064 0.305481 0.813732 0.668243 0.661679 0.66795 0.898927 0.585275 
0.352785 0.319225 0.806706 0.531526 0.744246 0.594021 0.899481 0.706487 
0.660477 0.306904 0.807252 0.624354 0.742232 0.753654 0.899792 0.777934 
0.427056 0.326467 0.829658 0.666634 0.78855 0.738161 0.899936 0.808273 
0.236074 0.331377 0.800617 0.583744 0.78855 0.664401 0.899812 0.808586 
0.419098 0.318265 0.808814 0.643963 0.794592 0.75093 0.899464 0.808594 
0.363395 0.279532 0.813615 0.606564 0.77244 0.678197 0.89935 0.80866 
0.387268 0.0991212 0.776572 0.524619 0.770426 0.568678 0.89952 0.808479 
0.405836 0.319067 0.756626 0.612016 0.784522 0.574406 0.899692 0.795132 
0.445623 0.325158 0.849447 0.789136 0.865075 0.664142 0.899234 0.807338 
0.249337 0.335528 0.854873 0.685143 0.81473 0.750336 0.899071 0.809039 
0.222812 0.337066 0.806745 0.527476 0.885213 0.66786 0.898766 0.558564 
0.31565 0.348999 0.8231 0.65839 0.78855 0.699001 0.898986 0.334619 
0.352785 0.348015 0.802685 0.566366 0.820771 0.623495 0.899499 0.362151 
0.371353 0.332092 0.790858 0.57799 0.724108 0.668227 0.897969 0.463375 
0.554377 0.307957 0.754869 0.514875 0.677791 0.54919 0.89983 0.572522 
0.575597 0.296939 0.789648 0.605083 0.538836 0.668763 0.899304 0.688547 
0.405836 0.314301 0.769585 0.547849 0.669735 0.682865 0.899384 0.699955 
0.29443 0.795299 0.883173 0.78913 0.904888 0.843385 0.963385 0.808869 
0.395225 0.793522 0.854346 0.648609 0.8833 0.694181 0.963652 0.808531 
0.551724 0.813927 0.779788 0.588214 0.933364 0.603474 0.963519 0.8087 
0.352785 0.518341 0.837886 0.699315 0.942467 0.763377 0.963702 0.809039 
0.257294 0.830258 0.874662 0.704604 0.930846 0.914353 0.974775 0.816658 
0.299735 0.778979 0.851128 0.682252 0.912399 0.835133 0.996587 0.822245 
0.267905 0.851768 0.958887 0.827841 0.829431 0.814955 0.997136 0.810563 
0.257294 0.939793 0.943201 0.934285 0.879937 0.707226 0.903426 0.767558 
0.30504 1 0.927235 0.951699 0.769801 0.779235 0.851226 0.701189 
0.3687 0.815108 0.897944 0.816528 0.920737 0.698339 0.835691 0.782796 
0.405836 0.838179 0.876508 0.762851 0.876856 0.706473 0.856754 0.802266 
0.355438 0.832685 0.890801 0.753231 0.908232 0.69159 0.886159 0.764511 
0.374005 0.873647 0.885577 0.748025 0.861813 0.726433 0.897032 0.707115 
0.564987 0.871761 0.831751 0.614157 0.871197 0.681195 0.897099 0.660216 
0.564987 0.852602 0.793162 0.560505 0.776024 0.532644 0.897282 0.651073 
0.458886 0.862669 0.841741 0.684192 0.878849 0.726537 0.912134 0.565064 
0.352785 0.871382 0.850751 0.643896 0.869364 0.698763 0.954178 0.537806 
0.458886 0.829001 0.799177 0.577588 0.900821 0.657888 0.963152 0.537806 
0.28382 0.880799 0.827324 0.692877 0.830276 0.681915 0.969147 0.537636 
0.225464 0.933941 0.896348 0.728046 0.926194 0.782405 0.970295 0.555075 
0.363395 0.888363 0.801848 0.621241 0.933444 0.647367 0.963735 0.537975 
0.225464 0.880701 0.794113 0.571173 0.906318 0.714069 0.963402 0.537975 
0.35809 0.906492 0.795644 0.592851 0.885736 0.627238 0.963702 0.537975 
0.469496 0.853014 0.743884 0.549789 0.929658 0.579236 0.963602 0.537806 
0.862069 0.782545 0.742607 0.464711 0.799123 0.545432 0.959489 0.552197 
0.893899 0.746145 0.722374 0.472922 0.587149 0.537189 0.903043 0.537975 
0.896552 0.683088 0.734904 0.414487 0.441489 0.509716 0.921043 0.487013 
0.904509 0.567766 0.614522 0.235205 0.489297 0.414063 0.788786 0.345132 
0.607427 0.428171 0.538868 0.280142 0.327185 0.525067 0.694126 0.23305 
0.803714 0.619683 0.635092 0.452523 0.416618 0.443313 0.747525 0.354613 
0.718833 0.579794 0.727919 0.551462 0.281591 0.562597 0.814012 0.436559 
0.506631 0.598119 0.783611 0.546541 0.351612 0.655643 0.873088 0.599096 
0.517241 0.639254 0.783368 0.514594 0.362003 0.709091 0.894601 0.620429 
0.541114 0.616367 0.70665 0.447448 0.353929 0.662227 0.892919 0.63482 
0.331565 0.702355 0.799343 0.644415 0.531345 0.670356 0.915398 0.640407 
0.363395 0.764296 0.781379 0.615304 0.7755 0.640299 0.930334 0.673422 
0.299735 0.776314 0.849802 0.689708 0.758243 0.721459 0.930267 0.673422 
0.225464 0.75657 0.843091 0.676996 0.803735 0.789091 0.93035 0.673253 
0.254642 0.763256 0.834614 0.647932 0.866303 0.737118 0.941606 0.673084 
0.456233 0.767471 0.836397 0.646444 0.940593 0.706793 0.963419 0.678332 
0.363395 0.800381 0.85079 0.699392 0.872003 0.827159 0.963269 0.684089 
0.310345 0.823897 0.908764 0.759157 0.863042 0.742826 0.985015 0.788383 
0.331565 0.851941 0.895677 0.707824 0.847072 0.805977 0.996487 0.821906 
0.267905 0.907988 0.928413 0.78931 0.879212 0.83009 0.996803 0.817504 
0.220159 0.902493 0.911285 0.735399 0.834305 0.811011 0.99637 0.8087 
0.312997 0.850739 0.872138 0.69175 0.861793 0.700251 0.996704 0.808869 
0.395225 0.663192 0.854555 0.631401 0.846428 0.809273 0.996387 0.808023 
0.328912 0.945655 0.806039 0.578675 0.913789 0.672611 0.996287 0.802774 
0.31565 0.8185 0.859953 0.716983 0.917555 0.721376 0.996537 0.673253 
0.267905 0.863937 0.826702 0.600278 0.900578 0.653794 0.996487 0.577932 
0.299735 0.84169 0.779928 0.589117 0.876131 0.662006 0.996837 0.430972 
0.501326 0.783368 0.809248 0.625543 0.918884 0.679232 0.997003 0.381026 
0.628647 0.759257 0.820369 0.583198 0.850616 0.702195 0.996404 0.549149 
0.639257 0.724689 0.785893 0.557384 0.940895 0.652565 0.996537 0.659031 
0.702918 0.691865 0.802041 0.580668 0.808427 0.682397 0.996287 0.673422 
0.830239 0.708206 0.76772 0.516471 0.914192 0.741208 0.996537 0.673253 
0.755968 0.670192 0.613115 0.360532 0.849427 0.564513 0.99652 0.673253 
0.827586 0.621406 0.764494 0.466841 0.815092 0.681018 0.991775 0.714564 
0.838196 0.563215 0.756515 0.510365 0.481222 0.655974 0.977139 0.716088 
0.671088 0.616216 0.796671 0.578545 0.528124 0.696232 0.992657 0.818351 
0.64191 0.643058 0.801023 0.572974 0.572468 0.773376 0.996037 0.822414 
0.633952 0.618318 0.811811 0.480357 0.643032 0.640427 0.996354 0.822245 
0.649867 0.597826 0.7815 0.483644 0.577662 0.761787 0.996337 0.822076 
0.395225 0.631777 0.780464 0.519721 0.710756 0.705397 0.99652 0.822753 
0.331565 0.634616 0.852808 0.638944 0.703446 0.877666 0.99652 0.822076 
0.307692 0.683532 0.846451 0.626505 0.816401 0.813477 0.996554 0.821568 
0.32626 0.650329 0.880546 0.696576 0.783031 0.955262 0.99657 0.821737 
0.533157 0.625589 0.866551 0.6404 0.81179 0.824658 0.995988 0.809716 
0.432361 0.648985 0.853697 0.720682 0.819704 0.773265 0.996354 0.767389 
0.297082 0.666768 0.888548 0.70355 0.819845 0.815562 0.996404 0.740807 
0.267905 0.713126 0.883674 0.758022 0.799284 0.824864 0.996304 0.740807 
0.342175 0.697142 0.895006 0.752731 0.77981 0.803224 0.996487 0.77687 
0.366048 0.699451 0.912385 0.879475 0.828363 0.813435 0.996837 0.815811 
0.28382 0.734626 0.946178 0.942784 0.849368 0.792917 0.940607 0.838329 
0.331565 0.739155 0.905914 0.798603 0.757134 0.690749 0.954894 0.842901 
0.477454 0.712303 0.889394 0.744384 0.78412 0.845392 0.978937 0.831388 
0.655172 0.706787 0.875074 0.671112 0.773506 0.616949 0.981085 0.819705 
0.708223 0.281466 0.603016 0.549088 0.58018 0.306487 0.456337 0.412178 
0.395225 0.785535 0.831933 1 0.790524 0.645229 0.656912 0.808869 
0.604775 0.687075 0.856978 0.673793 0.811547 0.692707 0.873172 0.808869 
0.618037 0.438974 0.798347 0.584826 0.908976 0.469352 0.904192 0.802097 
0.387268 0.741572 0.761621 0.845053 0.708097 0.667747 0.769438 0.578101 
0.639257 0.744595 0.829059 0.675926 0.705037 0.602004 0.805187 0.801251 
0.262599 0.633749 0.822167 0.644779 0.778481 0.655926 0.945086 0.819197 
0.30504 0.720983 0.894367 0.767699 0.755725 0.746492 0.757083 0.822583 
0.546419 0.746481 0.846349 0.626517 0.830014 0.608532 0.81168 0.822076 
0.596817 0.753503 0.833698 0.684733 0.767908 0.660655 0.888157 0.810393 
0.687003 0.753156 0.863637 0.767451 0.834666 0.737964 0.959289 0.814457 
0.870027 0.425212 0.869233 0.671827 0.753631 0.747273 0.988078 0.822414 
0.596817 0.674007 0.831952 0.59363 0.804399 0.766837 0.996587 0.822414 
0.38992 0.687227 0.896289 0.766348 0.799767 0.705717 0.996404 0.822245 
0.485411 0.72289 0.908961 0.691307 0.774332 0.67818 0.996287 0.775177 
0.522546 0.710124 0.866256 0.582496 0.747509 0.759034 0.99652 0.686798 
0.490716 0.697067 0.902306 0.704645 0.742272 0.785605 0.996587 0.686628 
0.442971 0.687075 0.874761 0.611908 0.738547 0.688659 0.996653 0.632619 
0.38992 0.725859 0.855031 0.663377 0.832411 0.697333 0.996903 0.664618 
0.289125 0.722586 0.868828 0.697875 0.783072 0.70076 0.99712 0.8087 
0.342175 0.793695 0.867328 0.736171 0.760598 0.823828 0.996604 0.815303 
0.421751 0.74349 0.854426 0.634416 0.659021 0.699432 0.822404 0.6592 
0.435013 0.825847 0.776239 0.590277 0.546227 0.70762 0.791816 0.499203 
0.883289 0.681798 0.668185 0.360101 0.605433 0.596512 0.780394 0.537806 
0.755968 0.655585 0.637831 0.310377 0.686731 0.599819 0.772052 0.453321 
0.713528 0.61796 0.641119 0.286521 0.669896 0.503297 0.802406 0.402359 
0.713528 0.602475 0.65195 0.32483 0.612322 0.51772 0.852991 0.402528 
0.35809 0.696915 0.713951 0.571705 0.592968 0.809372 0.882363 0.47296 
0.28382 0.684323 0.786077 0.55949 0.682322 0.660621 0.942822 0.654629 
0.262599 0.707285 0.823309 0.551636 0.652496 0.742372 0.996803 0.808362 
0.352785 0.746459 0.801255 0.544811 0.675958 0.692061 0.996604 0.8087 
0.29443 0.739448 0.802023 0.528247 0.721873 0.869569 0.99697 0.807176 
0.310345 0.71473 0.790031 0.527571 0.766136 0.673188 0.99697 0.808869 
0.214854 0.763256 0.828605 0.571549 0.766035 0.824931 0.99682 0.808869 
0.32626 0.781483 0.838074 0.522035 0.783475 0.864953 0.99662 0.8087 
0.289125 0.723096 0.780968 0.541955 0.738849 0.696714 0.996704 0.808869 
0.427056 0.754196 0.780416 0.443959 0.828222 0.790838 0.996753 0.8087 
0.477454 0.707556 0.740417 0.435369 0.647623 0.728847 0.996604 0.808531 
0.37931 0.749287 0.753133 0.698431 0.658619 0.671818 0.94432 0.787706 
0.27321 0.777072 0.720239 0.708968 0.767002 0.95154 0.865229 0.734374 
0.320955 0.771665 0.791403 0.64557 0.814991 0.789677 0.949649 0.808362 
0.411141 0.797922 0.833535 0.60472 0.743622 0.815208 0.99657 0.810563 
0.318302 0.803936 0.889535 0.616194 0.807641 0.787994 0.996853 0.822076 
0.374005 0.779066 0.899506 0.628965 0.661679 0.850173 0.996454 0.728786 
0.34748 0.813233 0.858768 0.622288 0.894195 0.723469 0.996554 0.317196 
0.416446 0.810394 0.867407 0.579335 0.80599 0.806191 0.996987 0.731157 
0.596817 0.783997 0.830196 0.561043 0.77552 0.675575 0.99672 0.823769 
0.618037 0.792059 0.789047 0.49919 0.801821 0.70092 0.996937 0.823599 
0.387268 0.792493 0.835495 0.618406 0.856597 0.725652 0.99727 0.823599 
0.493369 0.77368 0.838001 0.531827 0.783978 0.676534 0.99692 0.823769 
0.469496 0.770993 0.784214 0.442202 0.78998 0.638909 0.996853 0.823769 
0.320955 0.774406 0.811864 0.618292 0.855066 0.738349 0.963918 0.823599 
0.299735 0.773475 0.835345 0.543695 0.890288 0.771946 0.996953 0.823599 
0.31565 0.785351 0.815862 0.590721 0.869345 0.725568 0.99692 0.82343 
0.28382 0.78339 0.852621 0.638723 0.90376 0.664512 0.996903 0.764341 
0.453581 0.783737 0.871691 0.64558 0.855711 0.743686 0.99712 0.656153 
0.71618 0.70799 0.787785 0.549761 0.917051 0.72415 0.984432 0.39457 
0.429708 0.749862 0.785518 0.647332 0.834848 0.7672 0.984282 0.473638 
0.437666 0.772543 0.845356 0.576285 0.860724 0.725218 0.996937 0.562694 
0.570292 0.674689 0.765593 0.406862 0.758182 0.624766 0.996953 0.483965 
0.400531 0.683608 0.808571 0.49441 0.704432 0.796775 0.99702 0.480241 
0.328912 0.690305 0.827162 0.604311 0.714804 0.647328 0.996737 0.472283 
0.278515 0.836998 0.877105 0.69226 0.747488 0.779225 0.997553 0.470251 
0.257294 0.851074 0.888589 0.681116 0.707575 0.789994 0.997037 0.470082 
0.257294 0.812562 0.889506 0.640521 0.677227 0.824642 0.99707 0.656661 
0.299735 0.838287 0.83805 0.574233 0.672293 0.765907 0.997236 0.807854 
0.3687 0.789697 0.791687 0.558611 0.714582 0.752302 0.99712 0.797695 
0.384615 0.815932 0.832765 0.540893 0.679441 0.769796 0.996704 0.659539 
0.522546 0.781331 0.845166 0.543252 0.775138 0.746854 0.997103 0.789738 
0.541114 0.70864 0.796987 0.488445 0.715529 0.644797 0.997303 0.391692 
0.427056 0.70463 0.869328 0.671206 0.61208 0.820287 0.99702 0.316519 
0.278515 0.809332 0.895379 0.652393 0.585155 0.824679 0.99702 0.284012 
0.233422 0.831677 0.878158 0.806901 0.597821 0.730882 0.997203 0.237959 
0.209549 0.81306 0.924324 0.716438 0.557807 0.69435 0.997103 0.221875 
0.34748 0.869757 0.904855 0.732089 0.547657 0.70127 0.997253 0.138236 
0.416446 0.757285 0.776115 0.524396 0.53783 0.603242 0.99687 0.138406 
0.530504 0.754066 0.888261 0.732285 0.488551 0.59727 0.977938 0.138067 
0.522546 0.776585 0.900331 0.693404 0.504824 0.671663 0.967082 0.138236 
0.448276 0.759095 0.884421 0.728502 0.520007 0.760098 0.997053 0.214426 
0.448276 0.741193 0.910523 0.670328 0.51165 0.633973 0.99687 0.239822 
0.464191 0.7545 0.88915 0.634396 0.495177 0.746392 0.996653 0.239653 
0.485411 0.740477 0.900522 0.654663 0.532655 0.709455 0.996953 0.239822 
0.437666 0.716886 0.886478 0.671843 0.481565 0.738814 0.997203 0.239822 
0.427056 0.691659 0.862012 0.635704 0.555511 0.735364 0.997486 0.239991 
0.501326 0.758076 0.83176 0.564121 0.47377 0.679922 0.997519 0.243716 
0.464191 0.734745 0.832326 0.478639 0.569427 0.802837 0.99712 0.492939 
0.665783 0.579263 0.747033 0.34249 0.63127 0.686775 0.997286 0.590292 
0.840849 0.616725 0.683485 0.238256 0.741366 0.690647 0.968481 0.504283 
0.59947 0.555271 0.665122 0.388517 0.722095 0.603131 0.948666 0.45095 
0.289125 0.754435 0.67318 0.544893 0.762471 0.618819 0.872006 0.402359 
0.275862 0.674668 0.525376 0.580018 0.809514 0.418596 0.664138 0.402359 
0.331565 0.610646 0.535674 0.642378 0.841433 0.712704 0.667352 0.402359 
0.469496 0.696449 0.582583 0.568632 0.852912 0.536331 0.68988 0.402359 
0.554377 0.647706 0.641427 0.503604 0.898928 0.495642 0.739383 0.402528 
0.586207 0.665077 0.69795 0.462108 0.867029 0.489082 0.775998 0.402359 
0.639257 0.676792 0.696377 0.478245 0.805224 0.675144 0.786122 0.402359 
0.607427 0.642678 0.651522 0.392621 0.813159 0.511185 0.777047 0.402359 
0.671088 0.601251 0.6983 0.47596 0.857523 0.673079 0.792615 0.402189 
0.755968 0.610862 0.704398 0.34516 0.869345 0.505125 0.814494 0.402359 
0.745358 0.590284 0.694391 0.468983 0.804841 0.576575 0.794614 0.402359 
0.384615 0.622165 0.71069 0.688462 0.884226 0.551017 0.76386 0.404052 
0.745358 0.654859 0.752189 0.621876 0.891396 0.690467 0.785972 0.460939 
0.416446 0.674982 0.754426 0.61285 0.924846 0.624367 0.827349 0.479733 
0.639257 0.643534 0.738871 0.492771 0.87305 0.691567 0.835641 0.482442 
0.676393 0.648736 0.678042 0.480532 0.868478 0.638216 0.844982 0.490907 
0.575597 0.689091 0.753016 0.554343 0.863726 0.562493 0.86836 0.55643 
0.352785 0.689719 0.807511 0.583189 0.913124 0.733376 0.896932 0.612132 
0.37931 0.720387 0.823833 0.618266 0.947038 0.717042 0.898314 0.656661 
0.522546 0.724396 0.77403 0.510111 0.933525 0.701045 0.930767 0.681549 
0.655172 0.752441 0.764694 0.52967 0.939486 0.689885 0.931766 0.711686 
0.668435 0.730562 0.755407 0.467171 0.904627 0.672854 0.941207 0.740807 
0.787798 0.718653 0.664325 0.401705 0.878165 0.512372 0.930101 0.740807 
0.644562 0.682069 0.670224 0.321802 0.879937 0.548041 0.907206 0.741146 
0.681698 0.642917 0.654821 0.325514 0.881267 0.52286 0.894868 0.697464 
0.496021 0.603374 0.681031 0.473867 0.758725 0.703219 0.872722 0.576577 
0.320955 0.635104 0.689126 0.412786 0.776004 0.64058 0.868293 0.537806 
0.612732 0.658554 0.656645 0.379625 0.777534 0.594429 0.836174 0.537975 
0.570292 0.610732 0.625132 0.308707 0.685362 0.490122 0.78787 0.471606 
0.790451 0.598173 0.671518 0.404341 0.814811 0.562854 0.804154 0.472114 
0.862069 0.62443 0.708776 0.427714 0.79594 0.593828 0.849744 0.534081 
0.787798 0.594293 0.668795 0.374483 0.739453 0.568991 0.877434 0.537806 
0.713528 0.561286 0.735173 0.477974 0.715751 0.615879 0.906273 0.559985 
0.724138 0.569825 0.694094 0.49191 0.730693 0.65047 0.922408 0.635666 
0.639257 0.499008 0.518272 0.410099 0.614053 0.476846 0.764892 0.23779 
0.787798 0.492203 0.359557 0.485696 0.576696 0.296548 0.56773 0.0485027 
0.708223 0.46832 0.408849 0.512876 0.61367 0.301555 0.590292 0.101327 
0.745358 0.521667 0.360603 0.370421 0.580362 0.437805 0.5303 0.131633 
0.883289 0.537543 0.342939 0.27406 0.684316 0.352513 0.555792 0.139083 
0.774536 0.507753 0.349051 0.237218 0.574179 0.38282 0.552578 0.179886 
0.795756 0.533479 0.406987 0.283991 0.509133 0.377726 0.550614 0.252181 
0.97878 0.526761 0.455313 0.500131 0.267696 0.41813 0.592324 0.266911 
0.827586 0.559974 0.479063 0.402907 0.269852 0.440706 0.605145 0.305175 
0.755968 0.593448 0.575918 0.326382 0.267817 0.495242 0.692494 0.402189 
0.867374 0.570973 0.581383 0.271008 0.269952 0.56493 0.735969 0.398972 
0.904509 0.567571 0.573715 0.488921 0.268019 0.568115 0.720717 0.368497 
0.612732 0.57922 0.602236 0.626384 0.269973 0.386613 0.677875 0.368497 
0.466844 0.537326 0.582694 0.577293 0.268926 0.547165 0.669683 0.369513 
0.649867 0.526284 0.640544 0.531089 0.269247 0.598975 0.698356 0.406083 
0.636605 0.60565 0.698174 0.660663 0.269046 0.499469 0.738118 0.48041 
0.541114 0.633912 0.748095 0.673746 0.270899 0.710468 0.739433 0.538144 
0.554377 0.603905 0.745181 0.488032 0.268582 0.726495 0.789602 0.579117 
0.734748 0.580325 0.734103 0.464772 0.271443 0.664922 0.819606 0.604006 
0.71618 0.578537 0.711975 0.50364 0.267475 0.575447 0.82983 0.605529 
0.564987 0.639807 0.753995 0.63726 0.271644 0.632314 0.802739 0.602651 
0.724138 0.4656 0.39113 0.449815 0.267939 0.451229 0.241443 0.267419 
0.246684 0.518763 0.427027 0.648493 0.269933 0.525695 0.256978 0.328032 
0.639257 0.649267 0.513734 0.620124 0.327889 0.632937 0.332239 0.334466 
0.734748 0.580379 0.548247 0.58127 0.430917 0.468304 0.507138 0.359693 
0.745358 0.592105 0.609354 0.584724 0.429104 0.481261 0.633801 0.42657 
0.787798 0.534964 0.675737 0.468071 0.429729 0.568212 0.749357 0.493785 
0.681698 0.532948 0.686466 0.5608 0.430191 0.658737 0.766923 0.537975 
0.681698 0.55772 0.688828 0.586822 0.429849 0.664755 0.78454 0.559647 
0.564987 0.637173 0.739772 0.653224 0.451035 0.716887 0.839054 0.628894 
0.564987 0.652366 0.782954 0.684448 0.497916 0.682791 0.88526 0.670375 
0.665783 0.622869 0.781382 0.659243 0.50579 0.661796 0.897132 0.673422 
0.671088 0.638777 0.717734 0.526303 0.352277 0.532881 0.897632 0.673084 
0.289125 0.637217 0.77299 0.624331 0.287271 0.830975 0.897598 0.673253 
0.533157 0.669043 0.755298 0.531708 0.270194 0.626268 0.897432 0.672914 
0.618037 0.638626 0.783387 0.620299 0.268261 0.72006 0.896932 0.71067 
0.554377 0.732805 0.830221 0.66339 0.351794 0.734203 0.896799 0.723707 
0.591512 0.673237 0.837091 0.687012 0.35274 0.697713 0.896116 0.748257 
0.785146 0.674505 0.852778 0.737067 0.270698 0.611513 0.893735 0.786182 
0.830239 0.566823 0.823555 0.659949 0.246531 0.425567 0.888024 0.731157 
0.793103 0.634118 0.752836 0.699473 0.268281 0.625538 0.856321 0.584366 
0.517241 0.642516 0.742005 0.726181 0.269812 0.720296 0.832078 0.709654 
0.671088 0.679511 0.729266 0.613269 0.270798 0.578346 0.879183 0.808869 
0.67374 0.689416 0.755023 0.723731 0.268261 0.615454 0.896966 0.808531 
0.856764 0.688896 0.825734 0.619241 0.2681 0.684532 0.897049 0.8087 
0.801061 0.647511 0.745906 0.423585 0.257285 0.536906 0.896999 0.787367 
0.755968 0.614883 0.738576 0.547019 0.267838 0.719179 0.897132 0.439268 
0.883289 0.622176 0.77036 0.570123 0.268865 0.568133 0.896949 0.60536 
0.795756 0.681885 0.799361 0.655064 0.272491 0.62976 0.896916 0.765188 
0.737401 0.762465 0.814635 0.593545 0.268261 0.620194 0.896966 0.723538 
0.718833 0.630043 0.730182 0.561533 0.269046 0.547603 0.897099 0.793293 
0.679045 0.661805 0.799085 0.576099 0.270093 0.641917 0.896932 0.8087 
0.668435 0.669022 0.801174 0.476313 0.268865 0.738523 0.894218 0.8087 
0.697613 0.685493 0.698222 0.35222 0.235314 0.68699 0.881647 0.668174 
0.97878 0.647967 0.700379 0.449034 0.177338 0.508428 0.884794 0.571837 
0.790451 0.587666 0.752265 0.551713 0.187023 0.561589 0.897132 0.658354 
0.69496 0.527367 0.738405 0.549713 0.196388 0.628242 0.897249 0.673084 
0.893899 0.467067 0.733741 0.501012 0.21866 0.698953 0.897215 0.673084 
0.822281 0.406768 0.70712 0.444705 0.229616 0.535836 0.897315 0.673253 
0.676393 0.34647 0.690997 0.444107 0.227401 0.564036 0.897465 0.684597 
0.551724 0.286169 0.772446 0.585438 0.236865 0.619 0.897382 0.73031 
0.501326 0.674678 0.764336 0.47638 0.267999 0.691449 0.897032 0.754013 
0.586207 0.63272 0.730345 0.433538 0.25948 0.58975 0.912384 0.748426 
0.586207 0.658391 0.652694 0.412002 0.267395 0.496709 0.869908 0.748257 
0.395225 0.642689 0.694021 0.707073 0.271059 0.531757 0.805553 0.712025 
0.562334 0.694628 0.717763 0.614823 0.267899 0.642946 0.697323 0.538144 
0.522546 0.648801 0.666286 0.455697 0.270073 0.479479 0.784223 0.565234 
0.625995 0.652225 0.709688 0.580597 0.268622 0.626467 0.82247 0.609085 
0.660477 0.623942 0.756039 0.51773 0.269993 0.597314 0.890672 0.624661 
0.522546 0.630596 0.768191 0.55219 0.268261 0.605297 0.897432 0.605021 
0.442971 0.647349 0.778357 0.59179 0.270536 0.714417 0.897415 0.628386 
0.480106 0.647544 0.739954 0.555261 0.282176 0.632423 0.897265 0.673253 
0.750663 0.662477 0.741079 0.448105 0.348351 0.528645 0.906656 0.672914 
0.718833 0.581311 0.751996 0.530382 0.350867 0.550855 0.916847 0.682057 
0.755968 0.569673 0.752961 0.605401 0.351008 0.586042 0.924423 0.720321 
0.501326 0.55758 0.710998 0.395461 0.303603 0.633148 0.928752 0.68629 
0.692308 0.580986 0.745046 0.352853 0.271019 0.723431 0.886725 0.686459 
0.533157 0.586903 0.739476 0.335649 0.267677 0.635236 0.885277 0.686628 
0.745358 0.587922 0.745582 0.411161 0.270819 0.668317 0.886126 0.686628 
0.708223 0.592018 0.815381 0.396626 0.267575 0.766019 0.891771 0.687136 
0.692308 0.563626 0.800472 0.34828 0.269368 0.707302 0.897498 0.686967 
0.687003 0.596071 0.794814 0.351841 0.269287 0.643831 0.897199 0.671221 
0.612732 0.554849 0.799521 0.380069 0.270234 0.660217 0.897382 0.641084 
0.625995 0.584183 0.814424 0.448133 0.268603 0.757799 0.914282 0.619074 
0.814324 0.48776 0.771198 0.339316 0.269549 0.654396 0.912667 0.613656 
0.745358 0.547046 0.774497 0.360555 0.269247 0.654074 0.903909 0.605529 
0.543767 0.524713 0.787443 0.427662 0.271502 0.552572 0.90306 0.62263 
0.448276 0.0374508 0.827323 0.433874 0.284653 0.747303 0.908888 0.628725 
0.541114 0.31014 0.80924 0.465317 0.466299 0.829886 0.873738 0.494971 
0.721485 0.586036 0.781769 0.360058 0.370481 0.559299 0.897215 0.597572 
0.700265 0.464083 0.702311 0.270504 9.53674e-07 0.719561 0.897199 0.438252 
0.660477 0.48529 0.790049 0.447307 0.115553 0.703068 0.897981 0.471775 
0.575597 0.559942 0.813644 0.4365 0.188493 0.764521 0.908821 0.537467 
0.490716 0.521559 0.804145 0.474903 0.204603 0.63705 0.910986 0.605191 
0.405836 0.594185 0.807035 0.41422 0.270899 0.70223 0.929967 0.672745 
0.501326 0.520432 0.791926 0.359758 0.267636 0.736713 0.930533 0.674438 
0.435013 0.580618 0.808363 0.365869 0.270556 0.80468 0.930317 0.605699 
0.607427 0.569456 0.795722 0.357003 0.267535 0.737204 0.93095 0.571498 
0.607427 0.548889 0.775282 0.453851 0.271221 0.729468 0.916131 0.571498 
0.522546 0.552172 0.761655 0.570426 0.269086 0.692928 0.852675 0.571329 
0.570292 0.550427 0.816205 0.578957 0.268482 0.672585 0.85091 0.591138 
0.596817 0.477736 0.740879 0.66647 0.271805 0.65174 0.654597 0.594863 
0.729443 0.44267 0.431315 0.530579 0.2682 0.365975 0.374182 0.537975 
0.591512 0.409879 0.440227 0.532404 0.269952 0.396893 0.401007 0.537636 
0.745358 0.409174 0.467581 0.438904 0.242585 0.379487 0.471356 0.538144 
0.702918 0.409218 0.520774 0.650879 0.256278 0.524028 0.446996 0.537636 
0.702918 0.473835 0.47764 0.510729 0.270496 0.398659 0.431361 0.537806 
0.628647 0.475103 0.403938 0.434873 0.267495 0.492713 0.430712 0.537636 
0.618037 0.394534 0.378859 0.40336 0.270859 0.419956 0.430961 0.463648 
0.713528 0.413129 0.395832 0.428351 0.268603 0.260841 0.42172 0.402528 
0.702918 0.364636 0.335414 0.337888 0.278269 0.507162 0.309677 0.336328 
0.320955 0.290558 0.275796 0.311082 0.270294 0.209791 0.186895 0.149242 
0.448276 0.394989 0.254182 0.402198 0.209901 0.212162 0.242858 0.165495 
0.490716 0.500244 0.49083 0.748626 0.268905 0.366888 0.387353 0.339714 
0.594164 0.483393 0.511786 0.60941 0.269973 0.410179 0.448078 0.397618 
0.748011 0.422861 0.579568 0.612969 0.221459 0.453276 0.518544 0.461278 
0.724138 0.404482 0.615093 0.647918 0.220795 0.454173 0.586746 0.516811 
0.790451 0.393342 0.655352 0.656695 0.245787 0.520221 0.649536 0.554229 
0.840849 0.387946 0.656042 0.644454 0.249089 0.717835 0.686733 0.571668 
1 0.400711 0.582283 0.438817 0.188353 0.557246 0.666403 0.56625 
0.915119 0.388953 0.574653 0.411385 0.177841 0.570418 0.682771 0.537806 
0.485411 0.402813 0.65244 0.705724 0.269832 0.591822 0.696707 0.568281 
0.442971 0.403908 0.663212 0.702521 0.270838 0.579134 0.696757 0.571668 
0.405836 0.441933 0.781659 0.875535 0.268905 0.772433 0.696874 0.571668 
0.416446 0.496819 0.712264 0.786884 0.270133 0.555202 0.67954 0.571668 
0.490716 0.455608 0.786497 0.606898 0.269589 0.631732 0.727161 0.598757 
0.38992 0.491932 0.830244 0.70046 0.269791 0.706626 0.763743 0.605529 
0.554377 0.518763 0.832687 0.659868 0.269086 0.672602 0.763926 0.623815 
0.575597 0.452336 0.845833 0.583545 0.270053 0.748378 0.775432 0.625677 
0.94695 0.460279 0.807287 0.55554 0.268281 0.668681 0.796945 0.573699 
0.586207 0.439484 0.772175 0.638771 0.269772 0.63617 0.797178 0.558461 
0.448276 0.466391 0.847553 0.701841 0.268724 0.704533 0.826233 0.601974 
0.464191 0.464906 0.849496 0.718307 0.270012 0.732219 0.830113 0.621106 
0.387268 0.494078 0.858666 0.657126 0.268845 0.720078 0.856937 0.667496 
0.474801 0.491434 0.819258 0.583328 0.270658 0.79284 0.864097 0.67647 
0.427056 0.548867 0.81793 0.589887 0.268301 0.703405 0.864064 0.680872 
0.671088 0.453853 0.825377 0.585503 0.270879 0.613524 0.864097 0.686798 
0.607427 0.47325 0.773924 0.48876 0.269549 0.664104 0.864463 0.630248 
0.6313 0.450277 0.760961 0.542153 0.268603 0.694763 0.864097 0.585382 
0.671088 0.438335 0.747578 0.484285 0.268703 0.637277 0.863931 0.55135 
0.618037 0.434293 0.735095 0.486035 0.270355 0.677915 0.864463 0.55135 
0.342175 0.461482 0.768701 0.579047 0.269629 0.706672 0.863997 0.55135 
0.278515 0.489982 0.815896 0.72893 0.269629 0.777123 0.864097 0.55135 
0.310345 0.499756 0.836875 0.69177 0.269751 0.739067 0.864347 0.55135 
0.551724 0.482862 0.821541 0.631565 0.268886 0.740775 0.864214 0.55135 
0.628647 0.476826 0.794996 0.682378 0.268643 0.776039 0.864313 0.569297 
0.633952 0.457017 0.784048 0.684394 0.270415 0.554604 0.864497 0.566419 
0.485411 0.461222 0.785577 0.721144 0.268683 0.682057 0.864297 0.623137 
0.498674 0.453224 0.804072 0.659031 0.269589 0.694886 0.864147 0.639391 
0.575597 0.448337 0.795088 0.575227 0.267354 0.68093 0.864513 0.639053 
0.527851 0.436493 0.79965 0.558438 0.270093 0.704151 0.864413 0.639391 
0.517241 0.41948 0.748755 0.418118 0.187043 0.678358 0.86408 0.639391 
0.596817 0.430034 0.744673 0.457488 0.18791 0.62472 0.864164 0.63956 
0.522546 0.407733 0.753196 0.505164 0.228467 0.612208 0.863781 0.534081 
0.490716 0.437262 0.756657 0.583025 0.259622 0.550417 0.855472 0.503775 
0.543767 0.428355 0.791151 0.615422 0.268563 0.754795 0.864097 0.503944 
0.472149 0.443862 0.800964 0.620645 0.271604 0.621672 0.864064 0.516811 
0.387268 0.432516 0.80467 0.605962 0.267838 0.667244 0.872905 0.630756 
0.374005 0.441391 0.834746 0.599846 0.269812 0.856981 0.896266 0.672914 
0.533157 0.480847 0.78802 0.494146 0.268563 0.766431 0.896982 0.673422 
0.517241 0.44371 0.797025 0.662605 0.272147 0.629686 0.897132 0.673253 
0.419098 0.430284 0.85789 0.789355 0.268342 0.896233 0.891954 0.673253 
0.458886 0.521906 0.887235 0.737583 0.270315 0.72088 0.884777 0.673084 
0.501326 0.460333 0.862192 0.671415 0.271584 0.665517 0.897082 0.673592 
0.485411 0.459304 0.846399 0.63766 0.26685 0.746221 0.897082 0.673084 
0.541114 0.458448 0.848395 0.662993 0.270637 0.671906 0.897482 0.673253 
0.278515 0.443125 0.831068 0.625117 0.269549 0.727322 0.897249 0.677824 
0.543767 0.458534 0.825985 0.618737 0.268382 0.756482 0.896882 0.68866 
0.448276 0.496744 0.816674 0.530368 0.269751 0.733457 0.896816 0.652767 
0.400531 0.466857 0.833906 0.632714 0.268865 0.700524 0.896982 0.526462 
0.442971 0.478896 0.854061 0.684053 0.268261 0.642726 0.897715 0.582673 
0.490716 0.4783 0.852347 0.71394 0.270779 0.684599 0.897149 0.664787 
0.607427 0.452422 0.877172 0.736233 0.268805 0.652317 0.907406 0.585212 
0.575597 0.455262 0.880028 0.668759 0.269107 0.698452 0.920343 0.55135 
0.702918 0.42868 0.802286 0.548054 0.267254 0.728966 0.902327 0.54424 
0.729443 0.439711 0.689196 0.499576 0.269993 0.574154 0.83709 0.510886 
0.503979 0.496462 0.717471 0.615939 0.272631 0.638172 0.822953 0.488706 
0.339523 0.512056 0.813718 0.728447 0.269207 0.766609 0.86413 0.537975 
0.366048 0.499019 0.826282 0.730766 0.270597 0.666127 0.864447 0.575223 
0.35809 0.551435 0.85544 0.708242 0.268382 0.807926 0.888607 0.665803 
0.38992 0.549322 0.849445 0.680609 0.268764 0.733086 0.897315 0.673422 
0.400531 0.512153 0.850807 0.698123 0.269589 0.707511 0.897399 0.673084 
0.437666 0.484867 0.848793 0.705348 0.269589 0.700024 0.897432 0.673084 
0.618037 0.536058 0.852547 0.667525 0.269348 0.709312 0.897232 0.673253 
0.702918 0.529849 0.835822 0.640261 0.269429 0.676034 0.897016 0.673084 
0.649867 0.509195 0.831732 0.70961 0.270959 0.613362 0.897032 0.673253 
0.602122 0.501013 0.835976 0.698731 0.270859 0.679229 0.892503 0.672914 
0.61008 0.479134 0.855078 0.681124 0.269348 0.766688 0.897215 0.673253 
0.713528 0.493807 0.767685 0.484627 0.269952 0.623939 0.89555 0.673422 
0.742706 0.440058 0.705433 0.450485 0.268462 0.634272 0.858919 0.645148 
0.676393 0.443374 0.712787 0.460521 0.270234 0.556996 0.864397 0.605529 
0.506631 0.447156 0.72456 0.505843 0.268462 0.655386 0.864413 0.613826 
0.538462 0.451501 0.75927 0.503282 0.269872 0.714503 0.86423 0.629063 
0.559682 0.458513 0.725394 0.455845 0.269086 0.634358 0.850593 0.605529 
0.604775 0.435214 0.692987 0.461821 0.271563 0.699966 0.807401 0.50496 
0.655172 0.448348 0.715693 0.446259 0.266348 0.596744 0.813479 0.469913 
0.543767 0.434759 0.731534 0.429027 0.272409 0.677915 0.835974 0.469405 
0.522546 0.45006 0.699778 0.581644 0.285378 0.535159 0.837406 0.489553 
0.522546 0.450038 0.729622 0.682127 0.313471 0.639159 0.837489 0.535097 
0.466844 0.467799 0.754985 0.499687 0.269126 0.640807 0.860051 0.577932 
0.559682 0.420769 0.69831 0.47271 0.214492 0.541033 0.842534 0.569974 
0.384615 0.418309 0.710381 0.696957 0.249331 0.558073 0.801357 0.60536 
0.742706 0.424248 0.703378 0.615882 0.258796 0.561253 0.796861 0.605699 
0.469496 0.451631 0.736151 0.588157 0.268946 0.683018 0.798327 0.60536 
0.437666 0.460626 0.73447 0.588141 0.270294 0.663476 0.818674 0.605699 
0.405836 0.461774 0.733315 0.536038 0.268805 0.593891 0.830279 0.60536 
0.413793 0.459293 0.719305 0.560601 0.26961 0.661309 0.829896 0.60536 
0.413793 0.465101 0.801337 0.632413 0.269026 0.715216 0.853041 0.605529 
0.437666 0.470389 0.790617 0.573792 0.270455 0.773253 0.869042 0.605529 
0.591512 0.463974 0.808632 0.616576 0.269207 0.799827 0.881181 0.621783 
0.554377 0.437826 0.816818 0.601216 0.269287 0.691243 0.902477 0.649888 
0.437666 0.465448 0.841059 0.671003 0.272369 0.805475 0.91698 0.680195 
0.411141 0.527433 0.858342 0.712882 0.29873 0.700793 0.93065 0.687644 
0.580902 0.524799 0.869103 0.742781 0.334394 0.753525 0.93105 0.696956 
0.501326 0.522654 0.862907 0.684234 0.348753 0.814121 0.9307 0.687136 
0.533157 0.519381 0.845196 0.664236 0.349257 0.731906 0.930783 0.68629 
0.453581 0.529817 0.829845 0.661284 0.370502 0.768843 0.930633 0.686798 
0.405836 0.535603 0.857921 0.636914 0.42276 0.834261 0.930367 0.686798 
0.291777 0.563236 0.835725 0.711375 0.468938 0.730722 0.93055 0.686459 
0.278515 0.572274 0.854396 0.742263 0.511268 0.75762 0.9305 0.686967 
0.591512 0.568839 0.877803 0.728333 0.51153 0.692309 0.930434 0.686628 
0.702918 0.54709 0.840111 0.698394 0.507019 0.677471 0.930583 0.686967 
0.692308 0.536741 0.839944 0.819197 0.549429 0.674891 0.9304 0.687136 
0.769231 0.547415 0.841406 0.69901 0.584289 0.645444 0.924972 0.557276 
0.777188 0.284847 0.79557 0.598046 0.592464 0.735489 0.897515 0.472283 
0.384615 0.631763 0.828568 0.697513 0.59041 0.736321 0.914249 0.603667 
0.320955 0.666172 0.879164 0.764848 0.5918 0.793361 0.9305 0.504113 
0.623342 0.258476 0.876027 0.70456 0.590571 0.725114 0.93095 0.592831 
0.618037 0.245625 0.868312 0.722826 0.59168 0.691984 0.9304 0.666481 
0.554377 0.267232 0.876266 0.740798 0.589303 0.834727 0.930334 0.678502 
0.363395 0.777229 0.828546 0.578262 0.592445 0.654264 0.9308 0.672914 
0.395225 0.640579 0.832788 0.778067 0.588738 0.817606 0.930833 0.673422 
0.374005 0.656814 0.837732 0.794326 0.59041 0.703766 0.9307 0.685443 
0.33687 0.65205 0.842377 0.846924 0.59184 0.686126 0.920143 0.688491 
0.302387 0.598313 0.712276 0.85286 0.591599 0.633704 0.766124 0.688321 
0.32626 0.673866 0.80207 0.688457 0.609643 0.748907 0.858352 0.688321 
0.485411 0.775669 0.843529 0.66301 0.66176 0.694684 0.916813 0.688321 
0.575597 0.610337 0.385094 0.492989 0.531245 0.271747 0.392398 0.234404 
0.440318 0.174171 0.46694 0.429446 0.611435 0.358818 0.483045 0.174807 
0.480106 0.172928 0.63962 0.475569 0.510563 0.52734 0.730542 0.402359 
0.437666 0.303985 0.700793 0.579774 0.510624 0.580691 0.725113 0.421998 
0.554377 0.612846 0.745347 0.604601 0.511952 0.58087 0.751288 0.509362 
0.665783 0.561275 0.749333 0.569702 0.491251 0.60932 0.809183 0.541361 
0.623342 0.562044 0.734429 0.446559 0.437602 0.758573 0.858053 0.577424 
0.421751 0.528581 0.711863 0.536303 0.380672 0.559719 0.880298 0.557615 
0.427056 0.572295 0.731313 0.849355 0.531808 0.589398 0.799925 0.620598 
0.533157 0.578494 0.691267 0.631273 0.56991 0.583597 0.663605 0.537806 
0.628647 0.575698 0.727174 0.504234 0.547336 0.575454 0.813362 0.537975 
0.668435 0.520302 0.738015 0.487227 0.529775 0.689595 0.893819 0.538652 
0.488064 0.572404 0.723247 0.590714 0.509898 0.626724 0.897282 0.565064 
0.466844 0.534715 0.783792 0.648744 0.509878 0.736397 0.90992 0.639391 
0.374005 0.538236 0.83401 0.598251 0.510402 0.732819 0.93075 0.673084 
0.30504 0.550948 0.773226 0.538376 0.509737 0.820067 0.930583 0.673253 
0.32626 0.612759 0.765751 0.532962 0.512416 0.697145 0.930234 0.673253 
0.366048 0.610971 0.773759 0.693604 0.512235 0.8258 0.930034 0.673253 
0.570292 0.668892 0.787528 0.73707 0.509999 0.769594 0.930633 0.672914 
0.618037 0.568318 0.748949 0.645516 0.512235 0.549207 0.931016 0.681888 
0.453581 0.55992 0.765109 0.643671 0.508831 0.731137 0.930767 0.672914 
0.278515 0.569716 0.786029 0.698744 0.509113 0.74445 0.930384 0.633296 
0.267905 0.59852 0.821196 0.838539 0.513201 0.757442 0.914033 0.636851 
0.450928 0.583685 0.833155 0.716469 0.511188 0.745127 0.917313 0.639053 
0.328912 0.572241 0.828158 0.577385 0.509858 0.776767 0.923623 0.639391 
0.395225 0.608294 0.829041 0.677796 0.510703 0.77676 0.930916 0.615011 
0.27321 0.623379 0.863634 0.747078 0.510784 0.759245 0.930583 0.606714 
0.29443 0.613387 0.857211 0.683391 0.507583 0.762046 0.9307 0.672914 
0.400531 0.580152 0.86357 0.665996 0.510805 0.754051 0.930583 0.672914 
0.490716 0.612618 0.826346 0.550845 0.509537 0.599965 0.930617 0.673592 
0.535809 0.562727 0.729873 0.544322 0.513221 0.567079 0.930816 0.673253 
