0.580902 0.538442 0.79497 0.645859 0.508851 0.685929 0.93065 0.673422 
0.586207 0.548076 0.780298 0.540051 0.509938 0.68055 0.922341 0.673253 
0.657825 0.524734 0.691384 0.428854 0.514228 0.604349 0.866162 0.522399 
0.758621 0.487944 0.655447 0.318822 0.435246 0.548676 0.834142 0.456368 
0.416446 0.439159 0.477709 0.11423 0.329018 0.625818 0.822004 0.406422 
0.551724 0.454254 0.683158 0.42843 0.303261 0.664794 0.851359 0.453659 
0.517241 0.52416 0.69227 0.436939 0.393358 0.595207 0.874987 0.512409 
0.506631 0.550796 0.704838 0.425979 0.493203 0.624031 0.892037 0.537298 
0.591512 0.507255 0.756196 0.49195 0.47661 0.637597 0.910336 0.537806 
0.546419 0.497459 0.740668 0.43593 0.442596 0.67037 0.916913 0.537806 
0.692308 0.495497 0.746745 0.397987 0.433475 0.717942 0.917296 0.537806 
0.702918 0.466315 0.727688 0.469738 0.433011 0.660896 0.916747 0.537806 
0.586207 0.485918 0.745186 0.648049 0.453653 0.663578 0.912484 0.537806 
0.687003 0.505521 0.74889 0.561542 0.51008 0.665703 0.905774 0.537636 
0.525199 0.557818 0.775485 0.594843 0.511046 0.683927 0.9137 0.553551 
0.522546 0.560527 0.81542 0.649748 0.511026 0.777668 0.929884 0.628386 
0.533157 0.536221 0.802269 0.60294 0.509093 0.777381 0.930217 0.630079 
0.591512 0.533382 0.780091 0.534208 0.508891 0.655981 0.930783 0.644809 
0.61008 0.537792 0.781939 0.663996 0.512275 0.765624 0.93035 0.646502 
0.453581 0.572686 0.807045 0.713627 0.510382 0.631 0.930783 0.66411 
0.445623 0.535148 0.816319 0.713313 0.510865 0.856993 0.930617 0.673761 
0.628647 0.543124 0.815557 0.523942 0.510865 0.953118 0.93025 0.673084 
0.501326 0.499008 0.773252 0.481628 0.507723 0.832567 0.9303 0.673422 
0.445623 0.579708 0.770463 0.60416 0.509254 0.9135 0.9308 0.673422 
0.445623 0.615468 0.773674 0.538279 0.511127 0.661307 0.93045 0.673253 
0.344828 0.602573 0.79819 0.669132 0.509717 0.761168 0.9309 0.672406 
0.437666 0.611643 0.852583 0.619716 0.511449 0.757884 0.930617 0.673253 
0.514589 0.60811 0.844837 0.734935 0.510321 0.872336 0.93105 0.673422 
0.405836 0.606669 0.843095 0.786026 0.566144 0.766825 0.878134 0.673422 
0.485411 0.148806 0.746839 0.928271 0.698733 0.650104 0.740182 0.116057 
0.320955 0.355913 0.73024 1.07088 0.707071 0.455396 0.625509 0.189876 
0.448276 0.399855 0.730804 0.957618 0.70693 0.647523 0.601581 0.303651 
0.6313 0.428452 0.837738 0.677467 0.716697 0.666685 0.808767 0.498865 
0.798409 0.643394 0.795589 0.632471 0.587209 0.649043 0.897049 0.555414 
0.469496 0.597436 0.811957 0.673492 0.511449 0.753757 0.912218 0.605699 
0.533157 0.581983 0.832989 0.757355 0.51882 0.756116 0.916797 0.645148 
0.480106 0.629165 0.847266 0.742839 0.5248 0.713872 0.916813 0.707115 
0.384615 0.666161 0.858406 0.830305 0.510059 0.744819 0.91723 0.707115 
0.469496 0.650741 0.85663 0.785369 0.512617 0.794944 0.926621 0.706945 
0.660477 0.635385 0.848496 0.66945 0.509173 0.744879 0.928702 0.707792 
0.65252 0.609703 0.813629 0.548564 0.466903 0.704904 0.9305 0.676808 
0.604775 0.634768 0.821847 0.647348 0.49403 0.675396 0.930484 0.689845 
0.533157 0.605607 0.83626 0.649998 0.474918 0.827191 0.930583 0.643285 
0.374005 0.594662 0.857623 0.691854 0.493929 0.758452 0.930816 0.664449 
0.527851 0.611242 0.871373 0.71593 0.568883 0.759873 0.930234 0.673084 
0.570292 0.628309 0.884495 0.725852 0.587712 0.837223 0.9303 0.673253 
0.472149 0.648541 0.864562 0.650728 0.59329 0.806877 0.930284 0.673253 
0.38992 0.67962 0.790246 0.610753 0.592968 0.737586 0.930667 0.673084 
0.31565 0.645214 0.791604 0.628038 0.589102 0.704888 0.930434 0.61264 
0.35809 0.662585 0.836381 0.655942 0.590774 0.77241 0.930783 0.558292 
0.38992 0.718263 0.827852 0.650458 0.593714 0.766938 0.9304 0.558292 
0.448276 0.670777 0.910362 0.795699 0.659646 0.810065 0.93075 0.680195 
0.607427 0.70864 0.867292 0.723437 0.666412 0.772317 0.9304 0.680025 
0.554377 0.661924 0.876879 0.721202 0.659907 0.841074 0.930583 0.680195 
0.564987 0.663614 0.866402 0.63864 0.64865 0.797853 0.930733 0.680703 
0.527851 0.699884 0.828695 0.646867 0.664036 0.822593 0.930334 0.67884 
0.427056 0.615739 0.887587 0.784079 0.665929 0.822336 0.930717 0.679687 
0.480106 0.689654 0.900359 0.693702 0.672253 0.833174 0.93065 0.680025 
0.416446 0.674895 0.916684 0.763427 0.669816 0.882185 0.9307 0.682226 
0.575597 0.671124 0.904809 0.704628 0.672494 0.855422 0.930767 0.686459 
0.724138 0.657145 0.844159 0.605357 0.59035 0.779645 0.930783 0.672914 
0.310345 0.684074 0.860608 0.735064 0.646697 0.946329 0.9308 0.64701 
0.413793 0.653298 0.880001 0.703526 0.669977 0.769147 0.930434 0.62246 
0.376658 0.674397 0.89964 0.850569 0.674629 0.834681 0.930617 0.605529 
0.464191 0.699862 0.903881 0.793001 0.677267 0.796029 0.930767 0.614333 
0.501326 0.681614 0.878764 0.658259 0.672414 0.847918 0.930517 0.659708 
0.498674 0.676282 0.893619 0.814959 0.651188 0.85648 0.930683 0.686459 
0.525199 0.659334 0.898655 0.728256 0.668284 0.835408 0.930883 0.649211 
0.562334 0.692136 0.883749 0.737978 0.673199 0.765186 0.930833 0.606207 
0.33687 0.678775 0.916866 0.805771 0.672112 0.867407 0.930767 0.537975 
0.270557 0.700187 0.945866 0.858606 0.643817 0.901334 0.930567 0.537806 
0.310345 0.702387 0.968644 0.814153 0.665949 0.917549 0.9309 0.537806 
0.310345 0.696178 0.91937 0.764503 0.551987 0.835471 0.930617 0.537975 
0.405836 0.77963 0.944981 0.792199 0.671487 0.79833 0.930667 0.537806 
0.527851 0.713495 0.921647 0.758091 0.619308 0.828493 0.930933 0.537636 
0.628647 0.682047 0.89904 0.692735 0.628069 0.826081 0.930966 0.537806 
0.557029 0.665251 0.88479 0.713764 0.584369 0.775091 0.93105 0.538144 
0.421751 0.655455 0.904632 0.721665 0.655679 0.871836 0.93085 0.548472 
0.448276 0.694823 0.90799 0.748226 0.653846 0.741016 0.930667 0.574546 
0.480106 0.726043 0.944539 0.88825 0.668124 0.796782 0.930883 0.663772 
0.554377 0.719899 0.946315 0.784293 0.694081 0.866037 0.930567 0.673253 
0.511936 0.721091 0.923419 0.811838 0.650241 0.828862 0.931599 0.673422 
0.453581 0.703883 0.90713 0.817642 0.665425 0.828273 0.93075 0.67393 
0.38992 0.760471 0.961031 0.824377 0.672755 0.788261 0.930633 0.673592 
0.342175 0.73572 0.935374 0.903047 0.657672 0.810974 0.930767 0.673761 
0.267905 0.741886 0.961634 0.91377 0.660028 0.908993 0.93095 0.673253 
0.350133 0.798713 0.958839 0.814564 0.6618 0.805094 0.931233 0.673084 
0.408488 0.851779 0.903337 0.66676 0.65002 0.784164 0.930783 0.561678 
0.352785 0.813602 0.899733 0.766182 0.655819 0.857153 0.930717 0.507669 
0.352785 0.87058 0.947141 0.937934 0.749442 0.873127 0.930833 0.542885 
0.374005 0.852797 0.947192 0.910926 0.673199 0.837659 0.930667 0.661571 
0.445623 0.796925 0.940728 0.889963 0.66748 0.837422 0.930916 0.690184 
0.559682 0.76525 0.901089 0.817941 0.660934 0.731387 0.930683 0.707453 
0.503979 0.736956 0.913289 0.852948 0.666815 0.768241 0.930667 0.706776 
0.33687 0.746416 0.952197 0.900271 0.650322 0.856094 0.930417 0.707284 
0.331565 0.744368 0.971318 0.837292 0.641441 0.862105 0.930667 0.706945 
0.342175 0.781266 0.954978 0.837134 0.654853 0.844562 0.93075 0.707115 
0.384615 0.777321 0.961081 0.881201 0.671003 0.751282 0.93085 0.696279 
0.384615 0.763949 0.93937 0.863671 0.648609 0.844537 0.93085 0.605699 
0.289125 0.737302 0.945781 0.817344 0.671668 0.759555 0.930883 0.605529 
