 135.130000 133.610000 130.100000 135.200000
 133.829000 135.100000 129.010000 135.980000
 116.090000 133.240000 98.011000 133.860000
 106.797000 113.030000 95.130000 125.930000
 98.590000 106.798000 79.740000 108.000000
 111.490000 98.590000 93.010000 116.000000
 115.437000 111.490000 107.000000 118.053000
 110.999000 115.010000 103.680000 120.990000
 109.950000 110.800000 96.990000 111.000000
 109.249000 109.940000 107.260000 113.290000
 108.070000 108.770000 105.990000 109.500000
 112.989000 108.090000 108.002000 115.580000
 112.195000 112.760000 110.000000 113.750000
 111.279000 112.196000 108.600000 113.500000
 113.203000 111.050000 110.860000 113.500000
 104.150000 113.120000 103.330000 114.420000
 105.000000 104.150000 97.010000 110.689000
 109.000000 105.000000 104.800000 109.120000
 112.083000 108.900000 107.000000 114.350000
 113.630000 112.000000 111.710000 114.500000
 112.160000 113.650000 111.000000 114.400000
 113.699000 112.700000 112.000000 114.390000
 116.870000 113.690000 113.000000 116.900000
 116.701000 116.670000 115.150000 117.990000
 120.691000 116.701000 116.600000 121.200000
 128.209000 121.000000 120.130000 129.937000
 127.440000 128.009000 125.400000 128.916000
 129.602000 127.940000 127.031000 130.960000
 127.150000 129.510000 120.000000 131.008000
 125.200000 126.250000 122.010000 127.299000
 127.660000 125.200000 123.944000 129.481000
 126.500000 127.990000 125.570000 129.900000
 126.347000 126.500000 125.300000 127.568000
 127.470000 126.000000 125.510000 127.480000
 120.800000 127.470000 116.000000 127.796000
 119.670000 120.996000 115.000000 121.582000
 119.700000 119.670000 118.220000 123.070000
 120.491000 119.700000 117.901000 121.156000
 118.280000 120.500000 117.900000 120.600000
 111.798000 118.230000 109.500000 119.000000
 109.370000 111.800000 107.010000 112.000000
 102.500000 109.370000 91.140000 109.370000
 105.120000 102.999000 94.880000 107.770000
 108.000000 105.110000 104.510000 109.130000
 107.890000 108.500000 106.983000 110.000000
 106.000000 107.890000 100.800000 109.240000
 99.998000 105.710000 99.400000 106.100000
 100.510000 99.990000 97.680000 102.900000
 100.200000 100.510000 99.410000 101.480000
 101.360000 100.336000 99.402000 103.000000
 104.900000 102.500000 101.390000 109.999000
 105.225000 105.000000 103.501000 107.500000
 106.424000 105.228000 104.222000 108.000000
 105.634000 106.774000 102.830000 107.997000
 101.708000 105.634000 100.511000 105.900000
 101.158000 102.199000 99.490000 102.932000
 96.226000 100.511000 92.198000 101.699000
 98.000000 96.494000 95.998000 102.000000
 97.999000 98.000000 97.000000 98.989000
 95.200000 97.999000 95.135000 98.175000
 88.989000 95.494000 87.050000 95.799000
 89.596000 88.969000 86.800000 91.999000
 90.207000 89.450000 89.000000 91.489000
 81.008000 90.207000 75.566000 91.974000
 85.400000 81.008000 80.245000 86.600000
 77.448000 85.399000 76.000000 86.087000
 79.522000 77.400000 72.450000 82.001000
 66.389000 79.644000 63.320000 79.700000
 65.501000 66.499000 63.503000 72.100000
 74.000000 65.501000 64.120000 75.000000
 73.099000 73.999000 69.000000 77.526000
 72.248000 72.739000 68.350000 73.400000
 80.190000 71.787000 70.329000 81.989000
 82.500000 80.499000 78.222000 84.100000
 86.999000 82.999000 82.495000 95.888000
 88.990000 87.200000 82.301000 90.092000
 87.899000 89.032000 85.740000 90.000000
 91.300000 87.290000 86.400000 92.200000
 88.550000 91.300000 87.000000 91.749000
 88.999000 88.551000 88.010000 90.085000
 83.468000 89.498000 81.000000 89.800000
 83.800000 83.876000 82.002000 85.400000
 83.950000 83.765000 83.500000 85.290000
 83.797000 83.980000 82.500000 84.900000
 84.400000 83.800000 83.000000 84.900000
 85.980000 84.500000 84.000000 87.300000
 86.869000 85.980000 85.786000 87.564000
 88.890000 86.860000 86.118000 88.990000
 89.496000 88.910000 88.220000 89.998000
 87.600000 89.400000 86.403000 89.590000
 89.500000 87.900000 87.500000 90.900000
 91.200000 89.500000 88.600000 92.589000
 95.000000 91.000000 90.761000 95.000000
 97.000000 95.000000 94.010000 99.900000
 94.750000 96.984000 93.500000 97.234000
 96.000000 94.990000 93.211000 96.999000
 94.743000 96.000000 94.030000 96.269000
 94.359000 94.743000 93.500000 95.120000
 96.460000 94.460000 94.043000 96.800000
 97.320000 96.464000 95.900000 98.000000
 97.460000 97.320000 96.010000 98.200000
 94.383000 97.480000 92.420000 97.493000
 93.821000 94.536000 93.160000 95.500000
 92.941000 93.821000 92.000000 94.732000
 93.135000 92.941000 92.500000 95.590000
 94.843000 93.135000 92.392000 94.900000
 94.980000 94.895000 93.700000 95.010000
 97.605000 94.980000 94.500000 98.270000
 96.298000 97.603000 95.941000 98.100000
 96.788000 96.298000 95.000000 96.900000
 96.961000 96.630000 96.003000 97.200000
 96.852000 96.997000 96.500000 97.288000
 99.100000 96.891000 96.720000 100.624000
 103.101000 99.100000 99.000000 103.101000
 107.120000 103.100000 101.130000 109.000000
 106.913000 107.670000 106.003000 109.000000
 105.250000 106.979000 102.138000 107.300000
 106.358000 105.240000 104.100000 107.000000
 109.300000 106.320000 106.054000 110.350000
 108.390000 109.300000 106.206000 110.000000
 115.360000 108.390000 108.289000 116.500000
 115.200000 115.360000 114.013000 116.299000
 115.972000 115.598000 114.796000 116.080000
 120.722000 115.972000 115.512000 121.950000
 122.900000 121.232000 120.000000 126.555000
 126.402000 122.900000 119.000000 126.402000
 124.774000 126.402000 123.050000 126.566000
 124.999000 124.727000 123.500000 125.960000
 116.494000 124.999000 112.100000 124.999000
 118.040000 116.923000 111.611000 119.487000
 113.000000 117.889000 113.000000 119.289000
 117.031000 113.015000 112.125000 119.000000
 115.440000 117.786000 114.400000 118.345000
 119.924000 115.763000 114.500000 121.999000
 119.998000 119.923000 119.312000 121.909000
 124.000000 119.465000 117.000000 124.900000
 123.390000 123.949000 122.560000 124.898000
 124.750000 122.600000 122.000000 125.000000
 123.144000 124.750000 122.511000 125.000000
 123.600000 123.786000 121.000000 124.030000
 123.999000 123.600000 122.400000 125.000000
 124.502000 124.000000 123.151000 125.000000
 125.092000 124.980000 124.423000 126.010000
 120.753000 125.000000 120.000000 125.000000
 121.116000 120.899000 119.502000 123.999000
 121.100000 121.116000 120.800000 122.495000
 121.698000 121.370000 120.500000 122.189000
 120.886000 121.685000 120.009000 122.200000
 121.734000 120.886000 119.502000 121.794000
 122.554000 121.726000 121.000000 123.800000
 122.749000 122.554000 121.014000 123.189000
 122.739000 121.990000 121.590000 123.499000
 123.600000 122.805000 122.060000 123.700000
 123.051000 123.600000 122.900000 124.790000
 122.999000 123.101000 121.200000 123.980000
 123.747000 123.000000 122.717000 124.688000
 101.140000 123.747000 75.200000 124.492000
 115.200000 101.907000 100.000000 116.500000
 118.833000 115.230000 115.224000 120.800000
 119.321000 119.300000 118.221000 120.000000
 119.611000 119.124000 118.221000 119.900000
 121.200000 119.610000 119.010000 123.879000
 121.989000 121.250000 120.580000 122.687000
 123.865000 121.990000 121.413000 123.999000
 123.641000 123.365000 123.000000 125.000000
 124.193000 123.641000 123.160000 125.000000
 124.584000 123.713000 123.710000 124.990000
 128.663000 124.980000 124.480000 128.663000
 131.570000 128.663000 127.836000 133.999000
 137.979000 131.499000 130.801000 137.989000
 134.450000 137.215000 131.800000 144.850000
 140.680000 135.441000 134.201000 141.000000
 147.491000 140.680000 140.109000 147.500000
 156.800000 147.491000 146.000000 160.000000
 158.774000 156.795000 154.500000 159.000000
 171.364000 158.774000 158.525000 173.999000
 184.600000 170.800000 169.900000 186.000000
 198.554000 184.600000 182.843000 199.500000
 184.000000 198.900000 152.499000 204.000000
 178.860000 184.050000 156.000000 184.500000
 170.966000 178.780000 166.400000 179.000000
 186.990000 171.372000 170.420000 187.000000
 189.000000 186.979000 181.201000 192.429000
 198.000000 188.900000 188.100000 198.600000
 193.299000 198.000000 191.012000 198.442000
 197.900000 192.510000 192.200000 198.390000
 198.989000 197.900000 195.552000 199.200000
 198.854000 198.800000 197.800000 201.000000
 208.900000 199.001000 198.000000 209.850000
 223.771000 208.910000 206.000000 225.000000
 237.180000 223.000000 216.000000 244.880000
 251.001000 237.550000 237.181000 253.900000
 281.810000 251.980000 250.323000 292.499000
 313.118000 281.810000 280.019000 315.000000
 331.298000 313.118000 301.100000 349.114000
 302.000000 331.298000 255.000000 338.900000
 321.322000 301.902000 290.000000 329.698000
 343.897000 321.322000 320.400000 345.900000
 392.435000 343.700000 342.351000 400.000000
 406.010000 392.700000 380.583000 411.000000
 406.990000 405.500000 380.000000 425.500000
 420.486000 406.100000 396.500000 428.970000
 480.600000 422.490000 420.491000 487.700000
 679.450000 481.307000 460.000000 679.999000
 545.152000 679.450000 376.000000 770.970000
 545.000000 545.151000 382.490000 567.870000
 673.547000 545.119000 530.000000 684.000000
 699.000000 671.000000 615.030000 722.000000
 724.200000 698.000000 675.000000 774.000000
 699.000000 724.999000 630.000000 743.558000
 743.999000 698.988000 695.200000 750.000000
 882.653000 743.999000 737.000000 894.700000
 934.000000 882.653000 843.000000 950.000000
 962.030000 934.000000 860.000000 1000.000000
 1023.710000 961.030000 927.000000 1032.000000
 1051.550000 1019.630000 1019.630000 1095.200000
 878.173000 1051.500000 677.000000 1054.000000
 980.001000 878.010000 830.000000 989.005000
 997.500000 980.054000 928.100000 1021.000000
 1076.000000 997.500000 990.301000 1077.230000
 990.400000 1072.500000 847.993000 1077.230000
 839.000000 990.000000 824.000000 996.929000
 698.000000 839.000000 551.000000 874.988000
 784.023000 699.999000 665.101000 798.000000
 878.500000 787.000000 765.400000 900.000000
 958.500000 875.200000 875.001000 967.000000
 855.503000 961.200000 804.500000 971.000000
 860.000000 855.009000 825.000000 889.998000
 869.000000 855.172000 835.000000 908.960000
 846.920000 866.001000 837.000000 874.899000
 863.640000 846.920000 801.100000 869.999000
 690.000000 863.850000 634.000000 869.890000
 660.100000 689.001000 610.000000 748.900000
 502.698000 659.654000 420.001000 661.776000
 681.000000 502.698000 483.780000 694.000000
 609.000000 680.000000 585.000000 709.899000
 591.169000 609.698000 562.200000 642.900000
 604.201000 591.169000 572.100000 657.500000
 650.220000 611.909000 591.000000 669.970000
 650.330000 650.220000 629.000000 668.600000
 674.960000 650.002000 640.000000 675.000000
 743.301000 674.910000 674.890000 758.000000
 715.010000 743.301000 681.000000 761.000000
 711.826000 715.010000 691.599000 736.451000
 720.016000 711.826000 695.000000 732.340000
 728.998000 724.647000 716.640000 738.000000
 730.500000 725.001000 710.000000 734.990000
 744.000000 730.500000 728.000000 749.800000
 782.000000 744.157000 736.861000 799.890000
 800.996000 782.001000 764.834000 819.000000
 823.499000 800.000000 780.650000 829.000000
 904.000000 823.500000 823.500000 919.989000
 925.000000 903.297000 888.002000 990.000000
 757.110000 925.000000 755.320000 944.002000
 821.175000 757.110000 720.000000 850.000000
 821.700000 821.175000 777.777000 844.900000
 841.003000 821.510000 794.247000 849.064000
 890.380000 842.000000 836.000000 894.000000
 835.490000 890.380000 815.000000 899.000000
 824.828000 835.250000 788.700000 841.434000
 819.470000 824.998000 805.800000 840.500000
 837.998000 818.758000 813.000000 848.603000
 813.375000 837.998000 813.100000 846.248000
 795.000000 813.100000 783.000000 825.000000
 817.498000 792.331000 792.331000 839.000000
 839.000000 816.890000 803.738000 839.000000
 829.000000 838.850000 810.000000 841.627000
 831.550000 831.060000 819.941000 836.989000
 821.563000 832.000000 815.000000 835.000000
 824.679000 821.000000 817.190000 824.999000
 774.980000 773.083000 753.057000 797.000000
 817.000000 774.980000 768.750000 818.000000
 748.900000 815.000000 727.115000 830.000000
 774.900000 746.501000 733.347000 803.000000
 790.092000 773.011000 771.000000 797.888000
 795.000000 790.000000 760.220000 808.821000
 797.000000 795.000000 784.999000 802.200000
 800.000000 797.400000 792.112000 817.700000
 799.900000 800.000000 791.050000 816.000000
 798.900000 796.000000 782.003000 809.799000
 800.534000 798.900000 792.233000 810.000000
 784.750000 801.000000 783.277000 804.900000
 764.857000 784.587000 760.000000 789.000000
 718.630000 765.950000 678.800000 765.950000
 691.000000 704.520000 690.074000 728.900000
 697.500000 693.930000 675.001000 718.000000
 667.000000 697.500000 561.276000 719.800000
 664.656000 674.125000 630.000000 709.030000
 652.495000 661.002000 632.000000 668.000000
 591.391000 642.100000 588.420000 644.897000
 643.620000 591.391000 520.000000 685.000000
 637.130000 643.620000 616.001000 650.000000
 599.000000 637.130000 562.000000 648.000000
 613.443000 599.000000 593.030000 643.000000
 615.000000 612.700000 603.012000 633.998000
 611.000000 615.000000 604.570000 616.910000
 542.000000 611.000000 533.001000 616.425000
 555.500000 542.685000 515.001000 575.000000
 597.562000 557.990000 543.366000 607.264000
 598.002000 597.562000 585.216000 629.810000
 555.759000 598.002000 551.100000 605.000000
 534.000000 555.759000 433.250000 555.759000
 568.000000 534.000000 531.000000 591.000000
 570.000000 568.000000 545.000000 578.500000
 537.506000 569.000000 533.010000 572.000000
 562.300000 537.507000 530.001000 565.999000
 554.003000 560.053000 546.001000 562.300000
 644.021000 553.348000 550.490000 687.000000
 656.560000 644.021000 639.433000 697.490000
 653.154000 656.600000 633.337000 668.100000
 648.000000 654.999000 634.032000 658.000000
 619.720000 648.000000 605.020000 648.800000
 609.970000 619.720000 596.296000 628.679000
 631.899000 609.970000 604.486000 640.000000
 622.600000 630.496000 610.000000 642.999000
 626.002000 623.305000 616.101000 631.998000
 623.001000 626.002000 623.000000 637.393000
 629.750000 628.500000 622.101000 635.000000
 622.089000 629.750000 620.456000 630.000000
 627.001000 622.089000 620.010000 627.001000
 613.996000 603.000000 598.000000 619.207000
 606.100000 610.611000 605.611000 624.980000
 589.000000 606.100000 582.083000 608.957000
 572.943000 585.260000 561.090000 607.897000
 567.100000 572.943000 555.080000 576.856000
 568.000000 567.100000 562.351000 577.000000
 588.710000 568.000000 555.221000 591.947000
 579.000000 588.710000 566.356000 589.265000
 579.500000 581.000000 571.123000 588.900000
 484.989000 580.503000 473.000000 583.231000
 503.930000 484.989000 471.502000 539.000000
 496.700000 503.930000 490.040000 507.000000
 467.630000 496.700000 450.011000 498.000000
 462.105000 465.028000 446.000000 487.999000
 479.900000 462.198000 456.450000 500.365000
 435.000000 478.001000 420.000000 498.700000
 444.000000 435.000000 410.000000 454.713000
 446.300000 444.510000 423.123000 457.221000
 467.778000 442.657000 435.879000 471.000000
 463.060000 467.777000 448.574000 471.320000
 444.005000 463.070000 438.100000 464.000000
 445.720000 444.001000 441.101000 454.778000
 436.400000 447.508000 435.065000 451.168000
 355.001000 436.350000 348.980000 439.702000
 416.520000 355.001000 340.510000 435.000000
 415.869000 416.519000 407.730000 440.000000
 411.997000 414.201000 381.880000 425.553000
 454.421000 411.997000 401.134000 470.000000
 520.000000 452.140000 447.101000 544.000000
 526.999000 520.000000 483.174000 544.999000
 485.980000 526.999000 465.000000 535.360000
 473.510000 485.980000 467.000000 491.567000
