5.2145
5.2115
5.2075
5.2265
5.2415
5.2535
5.2885
5.3255
5.3635
5.45
5.435
5.4445
5.4635
5.4915
5.5245
5.5585
5.5925
5.675
5.7575
5.8936
6.0326
6.1926
6.3466
6.56
6.5986
6.6966
6.746
6.7636
6.7536
6.7456
6.7386
6.7266
6.7386
6.7616
6.7376
6.7386
6.7216
6.7036
6.6956
6.676
6.6186
6.5956
6.5546
6.5176
6.486
6.466
6.4236
6.3986
6.4136
6.4226
6.4246
6.4346
6.4166
6.4416
6.4326
6.366
6.2936
6.2536
6.2056
6.1586
6.0856
6.0516
6.0446
6.0966
6.1356
6.1746
6.2256
6.2636
6.2986
6.3346
6.3116
6.2986
6.2866
6.2596
6.2416
6.226
6.2016
6.1836
6.1656
6.1476
6.1366
6.1146
6.0936
6.0626
6.0316
6.0015
5.9715
5.9285
5.8955
5.8645
5.8355
5.8055
5.7745
5.7445
5.7165
5.695
5.6685
5.6475
5.6285
5.615
5.5925
5.5685
5.5555
5.5445
5.5385
5.5355
5.5265
5.5165
5.5115
5.4965
5.4725
5.4455
5.4155
5.3955
5.3745
5.3615
5.3565
5.3575
5.3625
5.367
